  1.00000000   0.31582703   0.37438387   0.31511626   0.89372833   0.67420677   0.45513276   0.46228369   0.69827859   0.40668210   0.15232329   0.47195792   0.69674749   0.66371179   0.80777239   0.73266279   0.48712019   0.53182988   0.29171285   0.31952375   0.33795872   0.21328056   0.66488859   0.85582890   0.68797148   0.56648153   0.55323413   0.41693721   0.38121647   0.57295306   0.41474661   0.28263595   0.49312602   0.39042869   0.30479257   0.51296889   0.77657869   0.72772381   0.61255358   0.64828752   0.45376227   0.00000000   0.07016882   0.44331111   0.08086379   0.31169941   0.50429795   0.65013142   0.47622460   0.33362441   0.70266371   0.18884498   0.72750616   0.79472243   0.79471478   0.69083917   0.62602674   0.21697157   0.36090403   0.47289219   0.57613492   0.22823841   0.74901447   0.18961086   0.82001278   0.39432898   0.60569506   0.49783087   0.61998854   0.43233371   0.56641086   0.63768024   0.80936089   0.67407471   0.50297300   0.27385910   0.23613023   0.30426793  -0.26910039   0.60991563  -0.17886897  -0.15590928   0.12457033   0.62684939   0.40646734   0.03727606   0.14711051  -0.14902786   0.10986648   0.25057997   0.26988118   0.04501473   0.07530342   0.11945526   0.11337795   0.26935549   0.15248626   0.29962467   0.15832317   0.05380905  -0.16473179   0.17596044   0.04441571  -0.12963048   0.49616608   0.30884293  -0.05363709  -0.22794257  -0.28124462  -0.23206544  -0.38230096   0.20367346  -0.08628611   0.29551950   0.17108186  -0.13404146   0.00000000   0.10806295   0.17142454   0.05638936   0.00351960   0.39929209   0.20106641  -0.19296376   0.01746963  -0.15167572   0.04904273   0.29225463   0.40566266   0.24410534   0.14441239   0.20724667  -0.02481163   0.11639064  -0.03324218   0.09478706   0.14964606   0.21707768  -0.35018110   0.32846757   0.27172965   0.40363457   0.15825194  -0.05715505  -0.10650228  -0.19429073   0.50970281   0.02877637  -0.14111329  -0.16673984
  0.31582703   1.00000000   0.22127930  -0.02390045   0.28688700   0.18545206   0.19095640   0.40536668   0.43494198   0.59302812   0.65221143   0.24575292   0.33388422   0.32053846   0.36129212   0.23581538   0.20070806   0.24436685   0.78492321   0.65245250   0.82665897   0.78578636   0.39974569   0.39486218   0.37192732   0.39626867   0.37417400   0.14529799   0.14183157   0.49873312   0.16133055   0.19869647   0.20077849   0.34860363   0.11446852   0.45590466   0.57658099   0.52646957   0.33332965   0.26365141   0.34885533   0.00000000   0.64927118   0.34883398   0.64871249   0.07985262   0.43839559   0.37296664   0.14838071   0.21070264   0.40814843   0.87474293   0.42278371   0.37720979   0.25393122   0.43272592   0.44870156   0.78572007   0.65443255   0.79543491   0.67399196   0.69618889   0.28066600   0.26295278   0.36881057   0.43508755   0.51284192   0.28082754   0.30402368   0.24823882   0.34754551   0.46376738   0.50719972   0.41877665   0.33657578   0.42909402   0.60593274   0.23668475  -0.28594591   0.33430078  -0.05137744   0.00302786   0.22060328   0.39462896   0.52658895   0.61602106   0.29189231   0.13258599   0.21798700   0.39466934   0.21207039  -0.05944994  -0.00202510   0.50987541   0.64841652   0.68689326   0.74702812   0.09184497   0.31384303   0.15819847   0.11073654   0.23912323  -0.02176639  -0.06534251   0.47107269   0.33646423  -0.03118440   0.03411855   0.09062739  -0.01839483   0.08904238   0.37764801   0.18314278   0.34780491   0.23646396   0.19705428   0.00000000   0.70812857   0.22446163   0.56092479  -0.08116914   0.33523141   0.21484061  -0.05589943   0.04551447   0.05763827   0.67126154   0.41268740   0.38275048   0.28056819   0.34744481   0.34567156   0.59906037   0.54025067   0.52656541   0.40019774   0.51808697   0.42466127  -0.10325827   0.32783022   0.35934395   0.37960369   0.13837886   0.15223774   0.09359477   0.06947183   0.38493369   0.22695869   0.20618767   0.21932750
  0.37438387   0.22127930   1.00000000   0.43369067   0.33749076   0.30332232   0.34085687   0.49190593   0.53982765   0.37653059   0.20986877   0.21785278   0.07229877   0.09330706   0.44322366   0.49245130   0.39216780   0.39290627   0.42193565   0.30807218   0.25813107   0.16803855   0.19765030   0.27029424   0.65835917   0.52165184   0.71184238   0.55396486   0.60203956   0.71881975   0.50775824   0.10454188   0.11822382   0.13022220   0.09591553   0.24463527   0.39554835   0.34727273   0.11565579   0.26595238   0.35924656   0.00000000  -0.04348383   0.03380300   0.13022575   0.62888264   0.76075294   0.21642414   0.27250881   0.32776084   0.21171124   0.23904640   0.30945804   0.47723768   0.49084179   0.53067391   0.63443100   0.25838458   0.56891542   0.39145058   0.30746830   0.36780127   0.13450563   0.28180095   0.46078361   0.61278776   0.52506222   0.47355817   0.48125638   0.47402256   0.42429869   0.61193384   0.33497563   0.47513573   0.05276697  -0.00294323   0.39722857   0.91681189   0.21356316   0.48573663   0.19079794   0.48778033   0.67274327   0.63492731   0.40281101   0.39290878   0.39452546   0.05593118   0.04783104   0.32003373   0.55762728   0.40490715   0.33908329   0.46642875   0.48473723   0.34835803   0.22090671   0.32898735   0.01355361   0.42454516   0.34271989   0.63816881   0.46535384   0.49762258   0.75908364  -0.05570840  -0.00890613  -0.03591638  -0.15717665  -0.18377025   0.01480507   0.49784568   0.31315056   0.20338691   0.25958098   0.47282530   0.00000000   0.17259941  -0.19722163   0.25366225   0.56323886   0.78204931   0.21055695   0.19940673   0.44851394   0.29069023   0.28434573   0.41633152   0.34470863   0.26915552   0.49197047   0.57443810   0.34244043   0.51207750   0.25843547   0.45390454   0.33938109   0.30050156   0.16991667   0.35826834   0.59452022   0.50774486   0.49176042   0.47224419   0.49994953   0.10791475   0.61974703   0.45583120   0.30128577   0.00885990
  0.31511626  -0.02390045   0.43369067   1.00000000   0.26261941   0.50028594   0.53692457   0.45136286   0.36966695   0.22700590   0.16679828   0.56151871   0.25260939   0.28864974   0.48815579   0.48289360   0.77580067   0.62630250   0.14186252   0.22839301   0.11347152   0.08546396   0.21318159   0.21064512   0.52515879   0.61593281   0.43751976   0.65655198   0.62566409   0.37382022   0.01678335   0.00591076   0.46526690   0.26054722   0.25584165   0.29313257   0.31281167   0.31070527   0.20418853   0.35523641   0.39734191   0.00000000  -0.01121818  -0.00406444   0.08574032   0.68812356   0.40011152   0.10217746   0.41413202   0.74248283   0.25462283  -0.01909636   0.32910278   0.51623833   0.49521170   0.49602255   0.54011315   0.13551502   0.25806392   0.21482087   0.28675874   0.16471529   0.33147948  -0.08767609   0.41247264   0.31939934   0.38972127   0.58819659   0.62639428   0.52768543   0.26698959   0.40710931   0.34610721   0.43135011   0.28832003  -0.12108545   0.07189402   0.39502635   0.44207356   0.32790905   0.10672016   0.14243271   0.21967289   0.35620271   0.19043864   0.10881297   0.23977772  -0.27859371  -0.25865354   0.16070082   0.14832169   0.48445003   0.43438777  -0.06236126   0.07009783   0.04046279   0.09648901  -0.10686561  -0.23940034   0.12122099   0.15334817   0.26262245   0.41700440   0.32533347   0.32405130  -0.26397379   0.14304580  -0.09993950  -0.35641705  -0.25866611  -0.25503666  -0.02489102  -0.15791813  -0.02991478   0.12196169   0.22959622   0.00000000  -0.00203529  -0.26528143   0.10823018   0.44997203   0.25680649   0.07514009  -0.05606147   0.54174753  -0.33898879  -0.03539608  -0.00438800   0.27068753  -0.06783574   0.18875112   0.22189391  -0.02947321   0.04451219  -0.11446054   0.00715126  -0.07562524   0.04595594  -0.13917208   0.07836697   0.18662940   0.31080636   0.42622222   0.19788635   0.19438077  -0.20368954   0.23971509   0.00856000  -0.14090304  -0.05891037
  0.89372833   0.28688700   0.33749076   0.26261941   1.00000000   0.69293575   0.40985142   0.43646749   0.72268903   0.40586936   0.12173527   0.45463701   0.67950378   0.65782383   0.77228201   0.75981328   0.43913569   0.48595394   0.21760911   0.24977076   0.31446641   0.16290001   0.63100793   0.80207265   0.67052721   0.50684296   0.50367170   0.37358131   0.34198237   0.57959974   0.32936496   0.21911883   0.45970280   0.41806739   0.24305075   0.47918651   0.75754895   0.73771338   0.62229763   0.65324409   0.38951083   0.00000000  -0.01108721   0.44137126   0.04141288   0.28067188   0.48886101   0.66535277   0.41393468   0.28941654   0.70583800   0.12560658   0.68330265   0.76084461   0.79096420   0.64575303   0.55233645   0.13395898   0.29620608   0.43107047   0.52955375   0.21603254   0.69746022   0.11418183   0.76892898   0.41823781   0.61155296   0.45344271   0.57279016   0.41567969   0.55552535   0.65719754   0.80099641   0.67744737   0.49433547   0.26015357   0.18594557   0.28824606  -0.26537197   0.64869831  -0.10978064  -0.11862697   0.16098578   0.62502681   0.43457821   0.01961941   0.20339688  -0.13146852   0.16611191   0.23778005   0.30678318  -0.00451127   0.08188612   0.08710095   0.07904442   0.22189277   0.10259450   0.29623033   0.20919152   0.08698637  -0.14010761   0.17237086   0.06586996  -0.09969575   0.48062840   0.37835226  -0.05172019  -0.17520960  -0.21892459  -0.17380398  -0.33013683   0.16809165  -0.07899117   0.34732855   0.27666486  -0.12272593   0.00000000   0.01309106   0.24444380   0.03773436   0.01874836   0.41416724   0.25292846  -0.20286324   0.04200024  -0.13174861  -0.00798869   0.34852033   0.38462142   0.19069733   0.14053631   0.17813851  -0.06952265   0.08264225  -0.03749861   0.05050289   0.13910048   0.30684935  -0.37415725   0.38480062   0.31572761   0.43722906   0.14444643  -0.02313763  -0.05336064  -0.14076270   0.54219472   0.01536754  -0.10504150  -0.12132806
  0.67420677   0.18545206   0.30332232   0.50028594   0.69293575   1.00000000   0.76610235   0.71462833   0.58263108   0.33368725   0.29697745   0.66528639   0.62752710   0.66541091   0.79459244   0.83380048   0.55709531   0.63566495   0.25386091   0.43022596   0.33788183   0.26482363   0.45424883   0.54797281   0.58398270   0.60098224   0.41307968   0.39773691   0.44718705   0.47681350   0.09272609   0.25129817   0.55291495   0.34162452   0.10105306   0.53360706   0.59059890   0.55685588   0.54702905   0.67822678   0.51804769   0.00000000   0.21778191   0.09955104   0.18083881   0.39421596   0.48819585   0.65509651   0.47330076   0.64752805   0.57202643   0.15267996   0.71144376   0.82979404   0.77054558   0.61482393   0.48851038   0.26031246   0.30600366   0.31142934   0.42042982   0.25721465   0.71423567   0.07304313   0.66211852   0.32070602   0.63756708   0.42378726   0.69425678   0.44033063   0.50284778   0.57518546   0.62955131   0.55073969   0.56411386   0.13030806   0.15491843   0.21639431  -0.11777784   0.57530603   0.10620945  -0.00300795   0.15103195   0.51190637   0.32694575   0.09712679   0.31126937  -0.24344266   0.08854986   0.22303718   0.28282776   0.07437623   0.24194865   0.07546673   0.06683148   0.22076700   0.21016147  -0.03159791  -0.04189264   0.09131679  -0.03053351   0.09328895   0.00118943  -0.09619429   0.37664682   0.01830348   0.09894584  -0.29745452  -0.30076534  -0.31464619  -0.32590696   0.00142449  -0.18378315   0.28771027   0.35912603  -0.02685739   0.00000000   0.18265707  -0.01452759   0.14217313   0.00520671   0.27155420   0.38990361  -0.24444975   0.32906206  -0.32927880   0.05319245   0.26759991   0.51416267   0.13335772   0.28886792   0.13786734  -0.02489810   0.04354688  -0.06193507   0.06300718   0.01126720   0.21981343  -0.42981395   0.27608380   0.17381636   0.57044168   0.07724258   0.03122133  -0.14646194  -0.26105343   0.40673612  -0.10151467  -0.13958426  -0.13889102
  0.45513276   0.19095640   0.34085687   0.53692457   0.40985142   0.76610235   1.00000000   0.85604166   0.43281643   0.35106136   0.44326562   0.64856275   0.54322340   0.54040101   0.69532067   0.70740930   0.61186469   0.52604954   0.39382093   0.53172675   0.45146444   0.36122505   0.50306828   0.44890687   0.42017535   0.70039777   0.45360468   0.52686391   0.62279752   0.44192225   0.00965402   0.28246763   0.61156709   0.32109994   0.34601267   0.58056315   0.49189288   0.42205026   0.49130815   0.45144763   0.58776055   0.00000000   0.33532199   0.08717001   0.35236014   0.52459243   0.63673173   0.49858438   0.57330976   0.71917172   0.53431137   0.23841981   0.59238535   0.75479388   0.67056904   0.49016061   0.51607204   0.39533217   0.45817243   0.37993878   0.48930503   0.45249818   0.52890370   0.17533697   0.56394999   0.39206933   0.57288504   0.55594575   0.74214519   0.62842190   0.37508278   0.43758519   0.52311971   0.41248766   0.56012672  -0.01196175   0.04752345   0.24040472  -0.09613593   0.25607850  -0.00924024   0.16342882   0.22998600   0.34255024   0.33602084   0.22493899   0.25160180  -0.30807678  -0.12813993   0.12343993   0.13780140   0.19413849   0.28791095   0.03221950   0.14114470   0.24688433   0.28809942  -0.10676198  -0.07166042  -0.06149934   0.07614849   0.13184070   0.07350982  -0.07855979   0.33247886  -0.02987465  -0.04569717  -0.24115246  -0.33758845  -0.28264484  -0.28268458  -0.12122784  -0.24919071   0.05351072   0.10006018   0.09034303   0.00000000   0.23073363  -0.06411204   0.25679236   0.01895928   0.23326514   0.27673833  -0.13077044   0.34475674  -0.36744420   0.12627845   0.09191813   0.37659356   0.09906868   0.20547153   0.08150278   0.03573578   0.08155872  -0.01407297   0.04212248   0.08827186   0.06680539  -0.31954433   0.13003547   0.17049579   0.44461144   0.19761429   0.02976782  -0.04200756  -0.30751694   0.22109543  -0.12289151  -0.22427051  -0.06363916
  0.46228369   0.40536668   0.49190593   0.45136286   0.43646749   0.71462833   0.85604166   1.00000000   0.62375047   0.46065459   0.57093293   0.64311338   0.51873074   0.54726364   0.70737656   0.71626386   0.57091734   0.48663619   0.51545864   0.62729638   0.64468342   0.53338080   0.49893795   0.48273711   0.49773298   0.73207291   0.52896493   0.56885863   0.67190570   0.63327067   0.18676286   0.40288149   0.46665730   0.31884051   0.24194614   0.60816734   0.53825833   0.47571915   0.50384769   0.51861032   0.61501146   0.00000000   0.45476189   0.13341138   0.47488678   0.61249850   0.79607873   0.55995805   0.49912644   0.70549298   0.53285336   0.46371714   0.64607212   0.78184859   0.67692210   0.60970408   0.61199503   0.54681656   0.58551154   0.49505057   0.56493117   0.60800111   0.51040802   0.38681332   0.60058710   0.46146720   0.78401039   0.60133336   0.72909527   0.66496558   0.52393395   0.65538275   0.52308937   0.46245729   0.49753720   0.22101356   0.29355801   0.43652869  -0.05852623   0.42701203   0.12405333   0.29712573   0.45011030   0.55623417   0.47665522   0.43610914   0.40945226  -0.06009630   0.08103439   0.35157700   0.32270268   0.19826517   0.28991484   0.23372210   0.35573509   0.48577597   0.49914004  -0.04491850   0.16959563   0.12049910   0.24591857   0.26827913   0.20592732   0.12436339   0.54114472   0.11694529   0.00465922  -0.13099764  -0.18536941  -0.23345586  -0.10988387   0.11450392  -0.01816683   0.27193812   0.26930102   0.30582738   0.00000000   0.44180041   0.03760025   0.41384135   0.17045403   0.40101541   0.38527153  -0.02620821   0.40410034  -0.21901203   0.37476379   0.33717688   0.52767143   0.15792881   0.42809424   0.29315991   0.28895138   0.29484098   0.22821873   0.26180280   0.27103528   0.33095208  -0.21689022   0.35498546   0.29328097   0.63074344   0.34029961   0.23740149   0.16783616  -0.06746765   0.44643666   0.08001782  -0.01801657   0.08220164
  0.69827859   0.43494198   0.53982765   0.36966695   0.72268903   0.58263108   0.43281643   0.62375047   1.00000000   0.69709948   0.38954206   0.48068566   0.55840531   0.56963726   0.74739234   0.67156106   0.53394718   0.56656761   0.44568639   0.42799179   0.49013352   0.43648778   0.54068015   0.66410223   0.75299250   0.62933609   0.58384875   0.47533116   0.46367995   0.84588834   0.41451687   0.35346330   0.34522954   0.36505042   0.15729829   0.49732336   0.64227985   0.65578151   0.54164699   0.67834805   0.46522091   0.00000000   0.22846949   0.23763887   0.36167200   0.46223023   0.68788666   0.63934395   0.34247567   0.45029954   0.51809160   0.38866432   0.69759376   0.75221672   0.74440940   0.74602385   0.71316204   0.36089232   0.50535957   0.46381785   0.55244912   0.50985173   0.62921202   0.31130763   0.72274771   0.60971527   0.91229276   0.55125367   0.64488915   0.46414177   0.68589286   0.90912015   0.64085497   0.67778156   0.39093184   0.41170693   0.38697747   0.51201098   0.01859087   0.71166324   0.16284313   0.13756832   0.46802414   0.94463783   0.68102215   0.37645949   0.43640013   0.15581551   0.26120436   0.52721922   0.49058877   0.22163707   0.25605141   0.31647540   0.35432628   0.43564946   0.40818018   0.31841379   0.34463577   0.37983459   0.18871997   0.34299321   0.33088747   0.24545014   0.78092594   0.28560743   0.21828821  -0.00868200  -0.10202753  -0.06803088  -0.10753533   0.34357046   0.15749153   0.50330777   0.40640498   0.24523477   0.00000000   0.31671902   0.14549703   0.37001946   0.30666119   0.66726752   0.39372542   0.00080721   0.31243004  -0.05955193   0.32067098   0.56805454   0.59067066   0.29347273   0.50966855   0.49633800   0.24768174   0.35356277   0.19365184   0.25998819   0.34401246   0.54524278  -0.08790504   0.59324535   0.53153880   0.73631420   0.40900846   0.31358388   0.21759759   0.12511065   0.81831269   0.23009832   0.16162957   0.04125156
  0.40668210   0.59302812   0.37653059   0.22700590   0.40586936   0.33368725   0.35106136   0.46065459   0.69709948   1.00000000   0.68888390   0.39418564   0.37913073   0.35320678   0.45962170   0.38996111   0.44888541   0.43240019   0.65831628   0.62052800   0.60585990   0.72009301   0.52336374   0.44702253   0.49656037   0.54191802   0.49588308   0.24762773   0.23578222   0.74758349   0.33174795   0.30660949   0.35432737   0.31855131   0.23369785   0.48967840   0.46599163   0.46765259   0.34649670   0.35322930   0.55182638   0.00000000   0.47607555   0.20011236   0.73735311   0.19467671   0.59412030   0.43951775   0.33403059   0.36607750   0.35354768   0.63076479   0.43605805   0.52872637   0.49909975   0.54734062   0.57260568   0.59131076   0.68983392   0.62825909   0.58300738   0.73317617   0.33207556   0.36514107   0.47077555   0.80489736   0.72427442   0.34985895   0.39880826   0.31814660   0.57476114   0.62561328   0.44404270   0.47453275   0.39607891   0.41860844   0.45658501   0.35269975  -0.02134544   0.41060864   0.12905895   0.16220475   0.36947937   0.66642167   0.89920343   0.68866340   0.35311258   0.17901176   0.15872246   0.39786066   0.29606483   0.25729367   0.26896880   0.46724002   0.62010656   0.54087995   0.70679260   0.33310460   0.36636851   0.30125792   0.23869397   0.34430168   0.11888012   0.04270850   0.70959788   0.33857393   0.22760012   0.19480505  -0.02514876   0.02853556   0.05432330   0.32511388   0.15690790   0.34524274   0.26098942   0.33295971   0.00000000   0.54256245   0.15530895   0.74284053   0.07190300   0.60352544   0.29854495   0.08384419   0.27959324  -0.03688979   0.54613323   0.38435871   0.43135222   0.20996887   0.44127730   0.43018468   0.47786054   0.58923684   0.37630608   0.33698437   0.58037818   0.43503195   0.07676227   0.43242253   0.75020233   0.61341796   0.23507390   0.21749480   0.10241536   0.21283848   0.62323267   0.22104550   0.20296056   0.22653316
  0.15232329   0.65221143   0.20986877   0.16679828   0.12173527   0.29697745   0.44326562   0.57093293   0.38954206   0.68888390   1.00000000   0.34899984   0.23496693   0.22527247   0.29332057   0.26020423   0.29263696   0.25680561   0.74001279   0.91493850   0.75351704   0.93722763   0.34105264   0.17438053   0.21494320   0.46831393   0.30050980   0.10130320   0.16338457   0.52740233   0.10683276   0.26665695   0.31745385   0.24473347   0.17030592   0.51837460   0.28782958   0.27982544   0.22165172   0.12624903   0.51633191   0.00000000   0.80442583   0.07048561   0.94444129   0.10214828   0.48230332   0.31030818   0.21969646   0.41806735   0.25237505   0.81964306   0.29852904   0.40348661   0.27873709   0.39563636   0.39017573   0.82833207   0.72244708   0.63197966   0.49908425   0.84684596   0.14619690   0.31813172   0.24847106   0.56125183   0.56222811   0.22009499   0.32141819   0.28767562   0.37269481   0.42063351   0.25845490   0.24237166   0.38874218   0.39061046   0.51566527   0.19106182  -0.09539238   0.24227904   0.09818154   0.17631523   0.31204557   0.37280700   0.61990564   0.87189561   0.37334967   0.12002773   0.17378234   0.32976174   0.17304302   0.16783197   0.23721916   0.52013450   0.75305001   0.73548415   0.89025715  -0.01439123   0.28001464   0.24986571   0.38005525   0.24659143  -0.01242830  -0.02811516   0.47990157   0.26318037   0.15728736   0.17960241   0.14398050   0.02047898   0.22200299   0.22730376   0.19476727   0.29627911   0.25322266   0.38387318   0.00000000   0.77510950   0.27355738   0.87269152  -0.07034396   0.33701986   0.31642074   0.08416837   0.28894150  -0.14496712   0.76972783   0.34156177   0.34553166   0.17736178   0.51419014   0.35158877   0.67338954   0.61040548   0.64516945   0.52180355   0.63209288   0.37946316  -0.00545566   0.28258765   0.51136438   0.46268343   0.15419703   0.20404521   0.07437051   0.10545804   0.38150277   0.20382965   0.26963540   0.35436423
  0.47195792   0.24575292   0.21785278   0.56151871   0.45463701   0.66528639   0.64856275   0.64311338   0.48068566   0.39418564   0.34899984   1.00000000   0.72770566   0.81008276   0.73611162   0.72735336   0.64905107   0.67132533   0.33020589   0.38568437   0.42717593   0.37548898   0.49482385   0.54520590   0.47968267   0.75213895   0.23481392   0.43977892   0.55480040   0.36580114  -0.05888933   0.29684260   0.69190091   0.50470211   0.23550185   0.71537079   0.50141158   0.56383319   0.73040041   0.72751036   0.74083967   0.00000000   0.32944721   0.12122979   0.30277140   0.41602127   0.39241641   0.58448640   0.57894364   0.70562094   0.54840856   0.25774115   0.77565147   0.69783505   0.67270850   0.61669239   0.38898979   0.32400877   0.28622340   0.37114830   0.48967090   0.34860756   0.73027162   0.17996603   0.55104942   0.31112147   0.55725107   0.45270831   0.70117154   0.54529381   0.42308910   0.47942680   0.54276435   0.58080970   0.68045808   0.11184347   0.03163880   0.11767758  -0.07091288   0.26907073  -0.11528010  -0.08421155   0.04113155   0.39611233   0.31634945   0.12146174   0.32237400  -0.12428977   0.15044789   0.07816148   0.10881477   0.04763496   0.21073814  -0.09887556   0.01659779   0.24302852   0.31294314  -0.21530760   0.08569898  -0.12131095   0.02541296  -0.16053742  -0.01006178  -0.10475155   0.22714715   0.08245024   0.05303720  -0.09282489  -0.20934356  -0.22806920  -0.20827192  -0.20131396  -0.31657795   0.28146016   0.29451876   0.09473368   0.00000000   0.18130386  -0.06169285   0.19610755  -0.03012559   0.07228671   0.35981174  -0.21147252   0.24984650  -0.42499220   0.12556321   0.11292512   0.29314562  -0.02270290   0.20412481  -0.12687629  -0.04109867  -0.09000562  -0.00262034  -0.06240428  -0.02691690   0.26381262  -0.47997332   0.21498355   0.10894584   0.33735546   0.02594382  -0.09487045  -0.16372082  -0.26853470   0.26532070  -0.35061229  -0.20703121   0.02090067
  0.69674749   0.33388422   0.07229877   0.25260939   0.67950378   0.62752710   0.54322340   0.51873074   0.55840531   0.37913073   0.23496693   0.72770566   1.00000000   0.96742076   0.78944673   0.70424351   0.52329242   0.45578045   0.30771425   0.33738463   0.54060521   0.33888780   0.79133952   0.86293469   0.43243831   0.63182628   0.26413242   0.37612910   0.39895805   0.31842097  -0.01747293   0.41387855   0.73970363   0.53044259   0.31139421   0.73264073   0.75804431   0.74508178   0.91629797   0.71103871   0.58652352   0.00000000   0.28757802   0.31380412   0.20954854   0.21985701   0.36194954   0.71891393   0.60502845   0.37000406   0.83382034   0.25795239   0.83525802   0.68548882   0.70948324   0.57258474   0.38931065   0.26228216   0.25880162   0.47284790   0.68714773   0.35824556   0.88675397   0.21385492   0.73728758   0.23845512   0.51247225   0.44937011   0.63941581   0.48835757   0.49910458   0.43087070   0.79898648   0.61491643   0.75801725   0.22055996   0.00793291  -0.00651791  -0.46028379   0.25093398  -0.46753001  -0.43521707  -0.15035509   0.41471355   0.31392616  -0.07197988   0.03278756  -0.21047980   0.13691846   0.00423366  -0.08174139  -0.17694588  -0.11730984  -0.12166207  -0.08232148   0.33773365   0.19917913  -0.01339966   0.20929662  -0.32761838  -0.27109971  -0.21768172  -0.10217051  -0.38265415   0.17082667   0.35582227  -0.07216654  -0.26966612  -0.26427715  -0.23744992  -0.42628955  -0.16855823  -0.43455787   0.31485708   0.08491742  -0.25704391   0.00000000   0.08936187   0.20502038   0.01548583  -0.25156232   0.05689738   0.22318328  -0.36719288  -0.15064410  -0.48864780   0.06258388   0.13113547   0.22095925  -0.06491933   0.00958042  -0.22529516  -0.15330597  -0.16420268  -0.04697005  -0.05799771   0.00095343   0.17438934  -0.62316172   0.23439161   0.02543180   0.20313816  -0.06294812  -0.36962082  -0.35041418  -0.40199634   0.22812971  -0.42381349  -0.36162930  -0.12210447
  0.66371179   0.32053846   0.09330706   0.28864974   0.65782383   0.66541091   0.54040101   0.54726364   0.56963726   0.35320678   0.22527247   0.81008276   0.96742076   1.00000000   0.80477276   0.74883582   0.51445150   0.49795249   0.29788911   0.32302238   0.51053500   0.32885477   0.70754177   0.79369096   0.46185283   0.62858053   0.21841123   0.36463707   0.41419033   0.31555882  -0.03059240   0.38015252   0.71815021   0.58099007   0.24881160   0.74626920   0.69893271   0.73646537   0.91668139   0.79886818   0.62922163   0.00000000   0.29393167   0.27403241   0.20291377   0.24712825   0.34129027   0.74003380   0.57969682   0.43628351   0.76594776   0.25054476   0.88420034   0.67851362   0.71238646   0.59861958   0.36125949   0.26118004   0.23015026   0.41723354   0.61778976   0.33634469   0.90838538   0.18633764   0.68077088   0.20483982   0.53912657   0.41569854   0.64620585   0.45744803   0.47864114   0.48183356   0.74501685   0.64670593   0.77876855   0.20125635   0.00797595   0.01298866  -0.40291851   0.30536803  -0.38360067  -0.39868802  -0.12777932   0.43198072   0.28099334  -0.06396245   0.09825831  -0.15776677   0.23174105   0.01723506   0.00337943  -0.19373041  -0.11042867  -0.11486952  -0.10179604   0.31986645   0.20761921  -0.05445902   0.19193503  -0.27092332  -0.24992198  -0.25239849  -0.11410810  -0.33310490   0.16489999   0.29357677  -0.04403483  -0.23489123  -0.20911961  -0.23034051  -0.37652299  -0.17822089  -0.40118012   0.38693941   0.18455511  -0.19579073   0.00000000   0.11315874   0.16294389   0.03027809  -0.22000811   0.03927633   0.28838986  -0.34775892  -0.10424654  -0.47801381   0.07418411   0.18751861   0.24083606  -0.02866795   0.05889096  -0.21493827  -0.13656586  -0.17181701  -0.04056868  -0.05938109  -0.00484871   0.22731584  -0.63228706   0.25399893   0.00087354   0.24194323  -0.08764324  -0.31399262  -0.35341868  -0.38158175   0.27150646  -0.42003238  -0.29954509  -0.06634506
  0.80777239   0.36129212   0.44322366   0.48815579   0.77228201   0.79459244   0.69532067   0.70737656   0.74739234   0.45962170   0.29332057   0.73611162   0.78944673   0.80477276   1.00000000   0.89940877   0.58685454   0.63900606   0.41661512   0.44648873   0.48330794   0.32540386   0.64079475   0.79945800   0.77954971   0.80056813   0.62687382   0.63766535   0.66295994   0.65469546   0.17138262   0.22695173   0.61344558   0.47099369   0.25900607   0.66038617   0.81659545   0.78166912   0.70629073   0.79781035   0.57302325   0.00000000   0.18796003   0.30843062   0.21099817   0.53718021   0.67474906   0.67244628   0.54313412   0.55689039   0.75070046   0.27132740   0.89736362   0.91510576   0.93560574   0.80678884   0.72623712   0.32753257   0.47785276   0.51423231   0.65831677   0.39326069   0.84693656   0.16247640   0.84676608   0.48574338   0.73108440   0.69090394   0.87213681   0.67170102   0.56224019   0.72077520   0.83535073   0.74506226   0.61386260   0.11779559   0.16620720   0.35477034  -0.22004090   0.53606678  -0.15643410  -0.09948195   0.14513712   0.65590418   0.44892957   0.14094855   0.26633236  -0.22794119   0.07266006   0.28455172   0.28275292   0.01171841   0.11806368   0.06957714   0.13088603   0.29961595   0.24981052   0.03635945   0.04060822   0.00756414  -0.10279799   0.16931825   0.12839408  -0.05371899   0.53988856   0.10296237  -0.08604104  -0.35622277  -0.39677964  -0.37625708  -0.44281659   0.06097815  -0.22237602   0.28881729   0.28215700  -0.08237153   0.00000000   0.15480630  -0.00579424   0.14014219   0.07311515   0.38070676   0.26039633  -0.29090573   0.16111275  -0.27458496   0.11006427   0.33453881   0.47108475   0.20602259   0.23281364   0.17813875  -0.02485325   0.07749512  -0.03001466   0.05360836   0.08777088   0.26399810  -0.49497096   0.30956964   0.27041582   0.50657299   0.23524776   0.02427368  -0.04134109  -0.31559730   0.49174595  -0.09296108  -0.21751599  -0.21709838
  0.73266279   0.23581538   0.49245130   0.48289360   0.75981328   0.83380048   0.70740930   0.71626386   0.67156106   0.38996111   0.26020423   0.72735336   0.70424351   0.74883582   0.89940877   1.00000000   0.51711034   0.58509917   0.32835123   0.40551653   0.38386049   0.24973909   0.56480225   0.67499374   0.72717229   0.70011528   0.51328498   0.54706297   0.63733367   0.60798557   0.25129884   0.22375309   0.61513844   0.51502643   0.25673230   0.64943884   0.70835292   0.74532024   0.65093516   0.75173486   0.62322674   0.00000000   0.12479719   0.24932046   0.16055093   0.53820479   0.61833649   0.66691331   0.57711704   0.52906451   0.68555691   0.18737995   0.81145880   0.84244629   0.92051092   0.74882109   0.55170358   0.23672717   0.38980137   0.42620019   0.48892277   0.34031839   0.76892019   0.17671836   0.71911371   0.46891251   0.65566026   0.53760306   0.75702856   0.61040256   0.55952740   0.70049270   0.73154206   0.74359367   0.62171902   0.06936452   0.14674732   0.39907104  -0.15420491   0.58279598  -0.06118251   0.03023567   0.23973973   0.61687055   0.41864141   0.12526469   0.31366476  -0.17404252   0.18356105   0.21723817   0.38126280   0.09548597   0.19051520   0.09510151   0.11613662   0.25903530   0.18821804   0.08264541   0.01911146   0.08514352  -0.03176918   0.13966482   0.11649383   0.01579222   0.49470817   0.08357050  -0.06712362  -0.28199246  -0.27131913  -0.30065403  -0.31503118   0.05650115  -0.14571867   0.34352775   0.35310654   0.03824270   0.00000000   0.09457276  -0.00313289   0.13653798   0.12384942   0.38081341   0.34549694  -0.15204025   0.21206807  -0.22107552   0.07895392   0.35473266   0.42731882   0.19180845   0.27418801   0.12844308  -0.02757478   0.07170791   0.02876618   0.09581608   0.09165766   0.26296356  -0.41305657   0.32234970   0.29190097   0.54655720   0.15209110   0.06899300  -0.01849484  -0.27542012   0.53318652  -0.07126191  -0.08644011  -0.12647851
  0.48712019   0.20070806   0.39216780   0.77580067   0.43913569   0.55709531   0.61186469   0.57091734   0.53394718   0.44888541   0.29263696   0.64905107   0.52329242   0.51445150   0.58685454   0.51711034   1.00000000   0.74706709   0.26598869   0.32542000   0.35133958   0.30775022   0.54109804   0.54256420   0.43867909   0.68000557   0.44150635   0.62423471   0.57190684   0.42378388   0.10818684   0.35084237   0.56899211   0.28156187   0.38125301   0.43499022   0.47184133   0.40965317   0.50185654   0.46202647   0.53524490   0.00000000   0.19454479   0.17095003   0.24685363   0.57200287   0.48457049   0.43802796   0.57757404   0.79088676   0.43827091   0.20754800   0.54112764   0.66314451   0.58240553   0.50460037   0.58575398   0.29054086   0.35186472   0.38216001   0.55229797   0.33018102   0.53919240   0.23508352   0.63494816   0.33075162   0.56045181   0.64391158   0.66141009   0.57754769   0.50078633   0.44116352   0.49853539   0.47156895   0.43186339   0.19268709   0.21284816   0.33711273   0.22902819   0.33302360   0.04259371   0.10140106   0.25383390   0.47575576   0.37606506   0.15528973   0.27426799  -0.08952418  -0.11658927   0.19547029   0.10335558   0.45148995   0.40832411   0.01472408   0.13329624   0.27214894   0.29275386   0.06807252   0.14148851   0.03336560   0.18233512   0.18571821   0.35836614   0.12597335   0.35763383   0.08586688   0.22836438   0.04953834  -0.24730386  -0.08721357  -0.19735916   0.09872498  -0.10389589   0.16437921   0.10351816   0.22803790   0.00000000   0.19501902  -0.01522382   0.20365851   0.25476304   0.30449399   0.24438131  -0.01973883   0.43978461  -0.29769061   0.13578318   0.11206809   0.36639291  -0.02661886   0.20970548   0.19614749   0.06991076   0.10130206  -0.02284201   0.06238576   0.05544261   0.22837590  -0.15388395   0.29796240   0.20659444   0.38264243   0.42789065   0.08474395   0.11994131  -0.06501811   0.27986873   0.00635938  -0.13984396   0.06888713
  0.53182988   0.24436685   0.39290627   0.62630250   0.48595394   0.63566495   0.52604954   0.48663619   0.56656761   0.43240019   0.25680561   0.67132533   0.45578045   0.49795249   0.63900606   0.58509917   0.74706709   1.00000000   0.25087887   0.32521348   0.19629784   0.27904621   0.35403299   0.49360976   0.57973461   0.59219177   0.42270564   0.49969093   0.48042460   0.46553386   0.11232188   0.24810602   0.44245608   0.21038591   0.17507761   0.31716460   0.45475025   0.42084597   0.51475114   0.67388537   0.42185588   0.00000000   0.13815409   0.05019578   0.18318282   0.46897974   0.40124749   0.51286357   0.42009402   0.76354938   0.31502980   0.19868726   0.57866281   0.71068248   0.60108532   0.55785628   0.53671763   0.24267992   0.31326280   0.28524127   0.40908470   0.19226038   0.60501726   0.14837105   0.63970531   0.38182456   0.57959306   0.52073648   0.64169273   0.46768039   0.42668914   0.49015691   0.47734996   0.47303072   0.30886447   0.16418331   0.29284464   0.36003398   0.28666742   0.48850983   0.19390684   0.15584352   0.26747337   0.54490086   0.33834698   0.18025181   0.42039841  -0.04177078  -0.04866009   0.36748482   0.32406808   0.41610103   0.55729063   0.08004950   0.17352942   0.19201276   0.29664167   0.09987808   0.02179373   0.20295781   0.15682008   0.20881943   0.27944826   0.17181821   0.43298470  -0.07538197   0.24943211  -0.03497110  -0.26341988   0.00361147  -0.21457327   0.15121549  -0.03473144   0.29811403   0.26406880   0.22840439   0.00000000   0.19498648  -0.17183376   0.19078775   0.26235226   0.34790213   0.50001678   0.01361622   0.53916901  -0.22682515   0.10009301   0.18873448   0.49375769   0.28036593   0.30778867   0.27258793   0.04075592   0.12071593  -0.08278687   0.02619044   0.05367849   0.31549668  -0.20828945   0.35038050   0.27132348   0.48979999   0.31627874   0.16993643   0.14400922  -0.08640437   0.36540081   0.05983630  -0.06653965  -0.12052092
  0.29171285   0.78492321   0.42193565   0.14186252   0.21760911   0.25386091   0.39382093   0.51545864   0.44568639   0.65831628   0.74001279   0.33020589   0.30771425   0.29788911   0.41661512   0.32835123   0.26598869   0.25087887   1.00000000   0.81742127   0.79424582   0.75414978   0.38693587   0.32724667   0.45025195   0.52186586   0.53256485   0.21699701   0.29285764   0.57245640   0.17507844   0.18146480   0.34941928   0.37259566   0.22467792   0.52659267   0.49779251   0.48404087   0.27963605   0.21236179   0.48549277   0.00000000   0.69428085   0.16625182   0.74733453   0.17078858   0.59298628   0.33003494   0.31399179   0.28854377   0.37253460   0.77685030   0.41872859   0.43226653   0.36920603   0.45331980   0.57390434   0.91400390   0.88119638   0.77253144   0.64279143   0.84930769   0.20360980   0.27192905   0.36126463   0.62736974   0.53053399   0.32257530   0.45975919   0.34358353   0.34649199   0.49074354   0.47282918   0.45659785   0.40542154   0.20339446   0.40157202   0.33075523  -0.25217192   0.22671011  -0.10387627   0.05862804   0.25231420   0.44026551   0.55883255   0.72285491   0.25879005  -0.02763581   0.07335382   0.24025110   0.20540906   0.01180844   0.03935802   0.61384024   0.73889332   0.67166427   0.69930016   0.09704912   0.13819448   0.14918445   0.11903944   0.34655173  -0.04649847  -0.06401609   0.54825292   0.17553031  -0.05651426  -0.07599488  -0.08170737  -0.18599585  -0.00080257   0.22464113   0.05136230   0.18967501   0.14482101   0.21955505   0.00000000   0.69665848   0.02852102   0.66529999  -0.07481793   0.43763217   0.16373116  -0.03688207   0.11505062  -0.00269253   0.68646377   0.34060858   0.26872687   0.24209170   0.36967124   0.37924126   0.67551608   0.65832991   0.55429679   0.46635179   0.57166367   0.25661362  -0.05308676   0.23530183   0.54107821   0.40182330   0.12880006   0.15239426   0.04403814  -0.05525865   0.42571955   0.14565506   0.17307875   0.13525250
  0.31952375   0.65245250   0.30807218   0.22839301   0.24977076   0.43022596   0.53172675   0.62729638   0.42799179   0.62052800   0.91493850   0.38568437   0.33738463   0.32302238   0.44648873   0.40551653   0.32542000   0.32521348   0.81742127   1.00000000   0.74576755   0.84505879   0.41420500   0.28488710   0.35141901   0.52066222   0.46014600   0.20875439   0.26765779   0.55174236   0.10992186   0.21429467   0.37991839   0.27177805   0.17915516   0.52830772   0.43556441   0.39656543   0.29755949   0.23548973   0.52168334   0.00000000   0.77629671   0.08037214   0.82196761   0.18210588   0.55690579   0.35528311   0.30663452   0.44794735   0.37739391   0.76116225   0.41623989   0.51687466   0.42442533   0.47784473   0.51239084   0.86997237   0.81516200   0.68120345   0.58281371   0.81439789   0.24881419   0.26035773   0.38733653   0.56250668   0.57375777   0.32254587   0.47193644   0.36408017   0.38041198   0.45697962   0.42536780   0.35978217   0.42772323   0.28226714   0.49926976   0.23704034  -0.18356903   0.30667681  -0.01933944   0.09350981   0.26422459   0.41383483   0.53514774   0.77832505   0.29408659  -0.06618874   0.08863989   0.28907782   0.20105002   0.12211536   0.18803286   0.58032248   0.75937736   0.73265796   0.79053266   0.00979167   0.14156016   0.20146259   0.23388464   0.31550416  -0.01473704  -0.07728738   0.50179336   0.18689275   0.03719207  -0.05882755  -0.04946356  -0.12642158   0.01162188   0.22896815   0.07320852   0.25203882   0.19700103   0.24559589   0.00000000   0.74542534   0.20048142   0.73885707  -0.08572372   0.37473880   0.28138000  -0.01662530   0.23755246  -0.17285856   0.70965149   0.33269748   0.35547188   0.22408470   0.44294628   0.36283011   0.65195846   0.62733047   0.55492323   0.53194924   0.59267933   0.25896318  -0.15076338   0.23524016   0.48042288   0.46912507   0.15403935   0.13493713   0.00794465  -0.06945433   0.40247584   0.16048956   0.14299105   0.14322700
