  1.00000000   0.30742159  -0.06058382   0.49315407   0.61474809   0.45696478   0.19453131   0.23519680   0.54108870   0.34402312   0.02125477   0.50023281   0.51967828   0.70924309   0.50207349   0.23536367   0.37093103   0.36057927  -0.11354992  -0.28403950   0.49870940   0.47760095   0.36374372   0.78266160   0.13266363   0.42567225   0.13218909   0.24430188   0.05553580   0.32676522   0.34258374  -0.04238326   0.46382270   0.33457218   0.43866980   0.42366551   0.26383131   0.37908462   0.59049851   0.58124092   0.40906064   0.00000000   0.26439395   0.22478427   0.51751125   0.15999891   0.28857820   0.49812981   0.49889953   0.44610201   0.37203286   0.51934029   0.57752772   0.55944486   0.21131348   0.46034741   0.29684363   0.44515053   0.27922279   0.41980726   0.45937965   0.50453476   0.80709375   0.35834803   0.80799655   0.40803903   0.40711779   0.20460798   0.25542621   0.14571615   0.48780855   0.30111673   0.51270102   0.53449377   0.53858472   0.85536448   0.05904011  -0.12995821  -0.00217147   0.45391479   0.12410197  -0.03680902  -0.01041491   0.42478015   0.33970218   0.08720187  -0.08062778   0.06162665  -0.04855557  -0.04435201  -0.09403074   0.17623559   0.23944066  -0.07259018  -0.21120440   0.29632930   0.38614730   0.02059698   0.54421218  -0.04587148   0.00805181  -0.00145191  -0.24208460  -0.22327103   0.21258580   0.00470892  -0.04448735  -0.03384595  -0.29265818  -0.25398093   0.02685962  -0.17659075  -0.18501103   0.26825032  -0.08231365   0.16048450   0.00000000   0.16257476  -0.15742585   0.45526854  -0.18327424   0.19566095   0.29384337  -0.08714583   0.08733792   0.10523084   0.33233135   0.09617271   0.22354632  -0.01554401   0.10884625   0.11160738   0.21868522   0.09682773  -0.17328076   0.08798417   0.14708548   0.60988990   0.05726897   0.47729372   0.27272613   0.35819501  -0.13972798  -0.11417538  -0.20798903  -0.26697403   0.23929580  -0.14121988  -0.09273742  -0.02650123
  0.30742159   1.00000000   0.39719465   0.33447712   0.21644973   0.22944515   0.40363436   0.51923680   0.45415889   0.36039627   0.41485247   0.21609474   0.17205581   0.26530615   0.34630711   0.37109584   0.20309045   0.13709199   0.50895148   0.20624283   0.72618591   0.60954558   0.29325431   0.36092868   0.27022130   0.36786394   0.48442199   0.40387476   0.44183272   0.41048970   0.18265040   0.09817544   0.21698656   0.20814388   0.08382333   0.21472737   0.63447360   0.45634390   0.19154259   0.16781899   0.35906785   0.00000000   0.70532909   0.22017601   0.51618246   0.43314328   0.54487469   0.15581493   0.29882612   0.22735436   0.50201113   0.69405126   0.36804175   0.28884188   0.31735037   0.31845229   0.44381231   0.58683482   0.53556073   0.50667205   0.48902298   0.46185564   0.24864630   0.10626228   0.35754018   0.44091718   0.30866339   0.36367149   0.29782533   0.45815762   0.18530201   0.37911926   0.52925811   0.41986694   0.30225882   0.32069642   0.58658933   0.36107120   0.35575135   0.25990247   0.30089577   0.33122456   0.31791689   0.45755247   0.38656113   0.54011588   0.23611380   0.15650686   0.20306406   0.31471608   0.31633537   0.22880484   0.19982137   0.42187208   0.44573746   0.61040683   0.48550734   0.30231639   0.35071724   0.23503283   0.29263609   0.41677324   0.23412893   0.28740446   0.46139581   0.08622166   0.09537652   0.31208197   0.20824231   0.16906323   0.32790936   0.28385054   0.22172553   0.26281997   0.24350000   0.36581813   0.00000000   0.61447587   0.19547057   0.43139602   0.30855395   0.36645380   0.18969922   0.20511507   0.27111213   0.35617187   0.51427610   0.32600127   0.37034170   0.30154283   0.33566279   0.33806699   0.44556685   0.46452909   0.39511150   0.33909071   0.43364915   0.27502393   0.12981146   0.47559355   0.35738648   0.45671795   0.26544481   0.26828538   0.29364448   0.07563098   0.38240355   0.25534001   0.23931900   0.23743340
 -0.06058382   0.39719465   1.00000000   0.24960235   0.22199494   0.34832357   0.48457041   0.72416817   0.46341525   0.42016661   0.55429551   0.14680450  -0.17140661   0.02137272   0.40952066   0.65715049   0.27615210   0.23507257   0.39492549   0.38251039   0.17292641   0.27310847   0.27114040  -0.13230596   0.37635992   0.19119511   0.79792336   0.62426693   0.75346861   0.70451903  -0.02352763   0.34698255   0.13893905   0.13497686  -0.00229134  -0.04894280   0.38847866   0.09668025  -0.03513800   0.12794537   0.29078483   0.00000000   0.43054812   0.27501993   0.33403618   0.56192711   0.68758881   0.12694134   0.23879937   0.28522663   0.26870903   0.11336173   0.30504221   0.29022538   0.53903418   0.00609928   0.53242834   0.32353871   0.34844699   0.15839253   0.26381989   0.13237427   0.09519835  -0.08624743   0.07755189   0.48110886   0.46046821   0.40514973   0.34946707   0.62987793   0.10577841   0.57274675   0.10892879   0.16361138   0.16302890   0.05201005   0.58545970   0.91198837   0.74955921   0.42362036   0.58717109   0.73112860   0.78378885   0.58351858   0.39172217   0.56025872   0.52802545   0.17564759   0.38775138   0.64658274   0.71268766   0.39764912   0.42074127   0.66492807   0.63382401   0.45359502   0.37867663   0.52801710   0.11822195   0.72467719   0.65682887   0.78306651   0.79871487   0.82062873   0.74315642   0.20141290   0.53095971   0.72605012   0.71436936   0.65691841   0.73872979   0.61035511   0.65934571   0.35446748   0.50919512   0.72366103   0.00000000   0.56050376   0.63792900   0.39301566   0.76214273   0.74867192   0.30897167   0.62850471   0.54438058   0.44783252   0.38479639   0.54677638   0.63055578   0.71142751   0.60479734   0.67781386   0.51249295   0.57420338   0.71394560   0.54684234   0.55980363   0.12337758   0.16815505   0.43369757   0.54259524   0.52611794   0.74889086   0.63389374   0.77331679   0.24354953   0.64156783   0.61751766   0.71258308   0.67093149
  0.49315407   0.33447712   0.24960235   1.00000000   0.57420255   0.67722351   0.59105965   0.56262504   0.62771894   0.45864801   0.29171434   0.81677583   0.41759484   0.75591011   0.74160932   0.54679072   0.68976840   0.68913692   0.04182544   0.05057168   0.59883294   0.53283250   0.51515871   0.33932795   0.44890162   0.78973533   0.42471096   0.64384043   0.62247362   0.43073412   0.14230024   0.31808835   0.64019754   0.65052495   0.50604727   0.68134309   0.46019435   0.54606589   0.59727245   0.75349989   0.83607921   0.00000000   0.20846229   0.52211128   0.53867686   0.74127521   0.50841705   0.62258422   0.72319783   0.82732869   0.53407010   0.57896669   0.77661820   0.65744865   0.53539810   0.64388725   0.55680134   0.39411193   0.40329617   0.40712852   0.53833766   0.56166979   0.64272868   0.44823632   0.70617812   0.46179709   0.60933383   0.61836172   0.74732263   0.53593988   0.46031177   0.42508697   0.62302408   0.67686907   0.70352812   0.39042432   0.14901624   0.14167361   0.32155986   0.42335181   0.25475382   0.24870447   0.32376957   0.53216781   0.35598533   0.26165611   0.28960499   0.10811104  -0.06053027   0.10245367   0.20145323   0.28435595   0.38919117   0.07967798   0.08656652   0.34139574   0.47439096   0.22262407   0.19631278   0.13750354   0.28495112   0.17528426   0.06610313   0.14363690   0.28688574   0.04297785   0.24949565   0.16663530  -0.00600178   0.07290293   0.32639856   0.03976640  -0.11770517   0.25306928   0.15163586   0.44159687   0.00000000   0.20597468   0.18911079   0.42425952   0.25785986   0.38610986   0.28517258   0.11938788   0.31101911   0.13063693   0.36406799   0.32097435   0.32030510   0.22022684   0.27710213   0.24648218   0.18947219   0.18858631  -0.01341929   0.09867224   0.23458028   0.33229374   0.24499761   0.46929637   0.30642630   0.52077195   0.24007397   0.15931620   0.12727037  -0.02383272   0.28246636  -0.03377581   0.03657698   0.19654042
  0.61474809   0.21644973   0.22199494   0.57420255   1.00000000   0.88047082   0.32467343   0.38171487   0.61850516   0.37842316   0.03564354   0.60415932   0.41524164   0.69491714   0.81728213   0.70263003   0.51192250   0.58044609  -0.15736648  -0.13704368   0.30623142   0.25765471   0.56579250   0.35334145   0.48020168   0.42693560   0.30852746   0.46253267   0.32572678   0.54488548   0.35738861   0.35646949   0.52274671   0.54691602   0.61814457   0.40753571   0.25173841   0.48609889   0.53846699   0.57768243   0.46946706   0.00000000   0.26508031   0.73548448   0.27807959   0.40625540   0.38582970   0.66332673   0.67039048   0.57266549   0.53994304   0.37667287   0.69996361   0.89261280   0.68889744   0.53393471   0.36597289   0.32302665   0.15843827   0.17249262   0.24222022   0.36771659   0.79372664   0.53212652   0.72320936   0.38214946   0.64764874   0.33230977   0.56927768   0.38642210   0.68390802   0.58522165   0.46894379   0.63623993   0.57803653   0.45144842   0.09509550   0.05230036   0.05031209   0.72352817   0.40093334   0.14590315   0.25249216   0.54057130   0.16461886   0.01356261   0.00196207  -0.04347023  -0.15817839   0.11925401   0.36894483   0.24158648   0.22956787   0.01762480  -0.10934708   0.25177338   0.21653030   0.22276014   0.31162141   0.22735637   0.03531460   0.10527825  -0.04406441   0.03056910   0.28692181   0.32966177   0.35340398   0.04853009  -0.10622303   0.10523674   0.07852801   0.12310339   0.03742335   0.06416808   0.10182277   0.22982462   0.00000000   0.19962101   0.32367445   0.26212356   0.02748452   0.34777661   0.22326074   0.04187927   0.03723156   0.25977332   0.28784553   0.23705428   0.45114318   0.33280683   0.11257487   0.14636767   0.17856276   0.11160342  -0.08481715   0.08546834   0.13828293   0.21937519   0.27115896   0.35482656   0.30747717   0.48640838   0.02916677   0.07697810   0.02491658   0.04192435   0.39945882   0.07198614   0.10499008   0.01921426
  0.45696478   0.22944515   0.34832357   0.67722351   0.88047082   1.00000000   0.58368113   0.56240831   0.63451173   0.43349309   0.20070267   0.72482904   0.33712439   0.69900779   0.89833325   0.84246089   0.67870575   0.77376124  -0.05824977  -0.05989611   0.35230484   0.36135255   0.60078437   0.16924816   0.40410939   0.54537125   0.45358790   0.58661436   0.54170848   0.54967235   0.17827037   0.50554841   0.55724099   0.52446508   0.63439386   0.42177385   0.37931962   0.39217730   0.56811402   0.69301495   0.55757861   0.00000000   0.20399906   0.76022061   0.39387498   0.56969185   0.52250160   0.79703365   0.76384641   0.77959246   0.58791616   0.39876847   0.80489679   0.91704804   0.77599888   0.55356212   0.45408910   0.30234354   0.26848300   0.17545513   0.34884048   0.42576620   0.68696486   0.49103740   0.67595517   0.45839023   0.78985378   0.45592839   0.72230100   0.58989396   0.57375722   0.55839937   0.46612360   0.58856754   0.57271408   0.38112213   0.14334023   0.22497327   0.27414285   0.72560766   0.56448649   0.40806777   0.48565636   0.59074995   0.24089582   0.15684877   0.25880466   0.09559151   0.00415335   0.29915811   0.53581094   0.39846192   0.44721682   0.14201742   0.00680204   0.29790116   0.36954415   0.34193437   0.24141157   0.30427223   0.31157586   0.28232705   0.17864663   0.29072123   0.38531020   0.36258926   0.54349163   0.22479432   0.06121684   0.30811191   0.30980561   0.22836320   0.08479426   0.20916331   0.26174261   0.40833590   0.00000000   0.20270191   0.43193191   0.38353541   0.29206509   0.52207236   0.40794854   0.26788875   0.33235128   0.29912095   0.32573821   0.46887102   0.60732831   0.49656230   0.33704179   0.30933736   0.22333431   0.21139828   0.06226100   0.20963102   0.28944712   0.27284926   0.39940835   0.49422130   0.41147480   0.61532115   0.28512240   0.31916527   0.28070578   0.17269947   0.39721942   0.17092919   0.22048462   0.19602676
  0.19453131   0.40363436   0.48457041   0.59105965   0.32467343   0.58368113   1.00000000   0.80060448   0.39088221   0.22954257   0.39113134   0.64752067   0.25951834   0.48452446   0.68948576   0.73699380   0.51116617   0.55530577   0.29026993   0.15262503   0.37040107   0.42209760   0.31810893   0.17144691   0.29101243   0.67408771   0.60996654   0.63307178   0.73547898   0.40804913   0.10807471   0.21119361   0.53955229   0.38700953   0.28629855   0.46491653   0.55972987   0.34452770   0.46029776   0.53751899   0.61009144   0.00000000   0.21256245   0.34516243   0.41235884   0.76067607   0.68528893   0.51898109   0.61078234   0.61558432   0.49681619   0.39755754   0.70284016   0.57930082   0.69404915   0.45309480   0.59734907   0.18669850   0.33349328   0.29707156   0.37507146   0.30006264   0.22742079   0.28610899   0.42204907   0.35234845   0.51600786   0.74991116   0.79469243   0.86382680   0.27289650   0.31877753   0.46719197   0.44257024   0.52181224   0.15861989   0.24886916   0.45877928   0.48650605   0.33572169   0.37636062   0.64173805   0.65028169   0.44271916   0.21714677   0.36032059   0.55966820   0.20742581   0.24393209   0.46497305   0.53909799   0.35811643   0.46870036   0.35544733   0.27447700   0.29131933   0.39889984   0.31085645   0.13531101   0.23805316   0.56569010   0.44262183   0.37338817   0.49232989   0.43117647   0.13803913   0.29287250   0.49335430   0.24402750   0.34075364   0.56415050   0.27692385   0.15669347   0.38528438   0.29566115   0.59734451   0.00000000   0.23343517   0.32434361   0.33965148   0.57057941   0.54525841   0.38836127   0.41963452   0.55499751   0.30086121   0.25704820   0.62480369   0.56483118   0.55068267   0.49085386   0.41930048   0.16049607   0.25349191   0.28964892   0.22764475   0.31108529   0.23755836   0.31730170   0.45304824   0.28729638   0.49732082   0.59380602   0.50659495   0.61027531   0.13068630   0.26139447   0.26166269   0.23218924   0.43967398
  0.23519680   0.51923680   0.72416817   0.56262504   0.38171487   0.56240831   0.80060448   1.00000000   0.66040307   0.50796167   0.51068224   0.47566068   0.09735379   0.36006396   0.65787257   0.78742180   0.48474842   0.46464233   0.33498095   0.22755385   0.40825238   0.49133845   0.38445550   0.12742013   0.39926508   0.58004996   0.80394769   0.81509066   0.85594047   0.69565924   0.03689159   0.34366639   0.38003040   0.25791316   0.15832932   0.26087585   0.57583986   0.31394653   0.26124448   0.44935097   0.58165952   0.00000000   0.38544035   0.31933366   0.53266614   0.84194239   0.90024823   0.42814555   0.50532087   0.57411755   0.47070097   0.39332574   0.60945982   0.50878142   0.70435594   0.39293504   0.68256751   0.40458474   0.46540167   0.26688848   0.46323051   0.34192236   0.31012568   0.12012977   0.40504245   0.59917592   0.66875217   0.76001309   0.64150011   0.89943084   0.21777227   0.62757721   0.37729760   0.44657886   0.42156865   0.28728691   0.45636522   0.67284408   0.72237316   0.40328658   0.59998311   0.76468677   0.84544040   0.69252650   0.43961523   0.57184750   0.53856442   0.23838756   0.33591794   0.53800921   0.63077792   0.45807326   0.50334744   0.55702366   0.51448485   0.45378802   0.53465971   0.41758602   0.24780768   0.51980709   0.64069693   0.71684996   0.59298951   0.67086987   0.74941329   0.26753253   0.46125593   0.59317604   0.48747359   0.47434991   0.70507533   0.35194514   0.37728143   0.44944714   0.45321731   0.78056674   0.00000000   0.45961521   0.50055395   0.51160893   0.72165674   0.77428927   0.37328127   0.50551112   0.64377038   0.38352505   0.40852907   0.57670589   0.66612102   0.68513905   0.61655112   0.64845112   0.42132184   0.49067733   0.51981201   0.42597481   0.54179722   0.28192076   0.30138673   0.59028727   0.57338965   0.67692413   0.73480945   0.54516160   0.75115786   0.25751982   0.60079900   0.38721452   0.50519386   0.53151404
  0.54108870   0.45415889   0.46341525   0.62771894   0.61850516   0.63451173   0.39088221   0.66040307   1.00000000   0.66908619   0.39426712   0.40318902   0.22747506   0.52013942   0.64838850   0.60242663   0.49028647   0.50073908   0.12935560   0.03854979   0.50759622   0.62313975   0.45654820   0.29188644   0.52356849   0.48710223   0.58411751   0.55092247   0.48944360   0.80964309   0.07050220   0.35709305   0.38051149   0.34338385   0.29177794   0.25797531   0.42562723   0.35602378   0.37584089   0.51618170   0.51420485   0.00000000   0.49446839   0.41890205   0.67335326   0.58370545   0.73703301   0.50698282   0.48086430   0.55423788   0.37538104   0.52319362   0.61289119   0.58616375   0.55972173   0.56017395   0.65697069   0.67977886   0.57698728   0.28415773   0.51995489   0.56351174   0.65954304   0.11506252   0.57260696   0.80632737   0.74503823   0.43156940   0.42827333   0.44444395   0.34913651   0.84436746   0.40672839   0.55908758   0.45772530   0.57024608   0.55065178   0.39969625   0.51992990   0.60849235   0.59844057   0.45927130   0.53107682   0.91453842   0.66901587   0.52824723   0.26889397   0.17988141   0.19787803   0.33965856   0.42443232   0.38231922   0.43152182   0.40335024   0.33481094   0.65525549   0.66953206   0.47241149   0.38660277   0.51151542   0.39372067   0.51646307   0.26860256   0.35060283   0.71304800   0.18460337   0.43786061   0.40518222   0.35495602   0.34821293   0.49455211   0.27874596   0.38577458   0.39348447   0.37248268   0.59171778   0.00000000   0.55903881   0.44076366   0.71003923   0.46238896   0.69822249   0.43075819   0.35385430   0.41898497   0.34142463   0.67318058   0.38416811   0.56449267   0.49528935   0.47884336   0.62089064   0.66133113   0.59049121   0.37087173   0.50465785   0.61208217   0.41795628   0.14880854   0.66272824   0.77177190   0.76136961   0.39666871   0.35539233   0.34615507   0.10485136   0.79166655   0.31195587   0.51918829   0.39159398
  0.34402312   0.36039627   0.42016661   0.45864801   0.37842316   0.43349309   0.22954257   0.50796167   0.66908619   1.00000000   0.51115334   0.32257417   0.01374925   0.28905530   0.42156956   0.38948480   0.40997716   0.38628143   0.38100196   0.25700615   0.45154207   0.61291204   0.54311594   0.02806070   0.27725890   0.33878927   0.52109095   0.38167558   0.41797886   0.64096365  -0.15636962   0.58164691   0.12387430   0.17092366   0.24782749   0.08023078   0.35085353   0.11817087   0.17934175   0.36487552   0.33680590   0.00000000   0.44903713   0.29872708   0.70198719   0.38703018   0.49718955   0.34875011   0.28483903   0.48835443   0.33318447   0.47647638   0.43730004   0.39522817   0.38043353   0.33892794   0.44442284   0.72195246   0.64926185   0.16065831   0.47208283   0.59622082   0.42260545  -0.03613559   0.30978363   0.76998388   0.77190861   0.21654652   0.25344272   0.35740042   0.12567562   0.60804703   0.29266176   0.35343779   0.17656168   0.46562531   0.43939717   0.39779438   0.44250920   0.45191636   0.52645910   0.38082442   0.36326429   0.66027336   0.74947626   0.60351864   0.20193230   0.13115471   0.18353815   0.33515007   0.31488189   0.30629681   0.34768842   0.55132871   0.46433409   0.55511612   0.65680277   0.53515376   0.21674968   0.45047366   0.30019906   0.45985001   0.25307364   0.35408737   0.65471546   0.10581145   0.60391720   0.26068933   0.32586879   0.39888826   0.40438176   0.23019177   0.26788878   0.20727244   0.26751758   0.38167193   0.00000000   0.58843174   0.34769463   0.66153045   0.32666468   0.49050864   0.29870243   0.35345197   0.43193968   0.33931775   0.41230180   0.29809724   0.43847017   0.37867065   0.41075919   0.47497684   0.57314419   0.59321314   0.35784715   0.45847210   0.65504282   0.29246083   0.13746999   0.52327318   0.68115871   0.70499624   0.24554734   0.28480081   0.27584398   0.17808814   0.59430723   0.33964499   0.49528154   0.28448600
  0.02125477   0.41485247   0.55429551   0.29171434   0.03564354   0.20070267   0.39113134   0.51068224   0.39426712   0.51115334   1.00000000   0.23633743  -0.08466031   0.08615210   0.26376450   0.33227108   0.21656427   0.16895787   0.66648383   0.77323521   0.38512534   0.61331440   0.18394085  -0.03153178   0.29939745   0.24514530   0.62086973   0.28898881   0.46687536   0.56292663  -0.05014086   0.29382407   0.19371686   0.22597962   0.07988707   0.11828858   0.20104024   0.07624954   0.05712746   0.15695746   0.32666987   0.00000000   0.46175728   0.07992690   0.68621971   0.36742194   0.46919686   0.08817941   0.23182371   0.28875652   0.11650585   0.38746818   0.26150849   0.17535788   0.28202476   0.10494475   0.51973929   0.54197556   0.69093298   0.32002115   0.30692093   0.39450243   0.05351109  -0.05389029   0.10470249   0.64687146   0.38556229   0.26749514   0.30736069   0.40479381   0.01755588   0.38897719   0.15372787   0.25278226   0.23718964   0.08010881   0.47945169   0.47153635   0.47027387   0.25406300   0.26850653   0.43625853   0.40950536   0.53363601   0.60421078   0.86396119   0.37183465   0.12036966   0.23977669   0.45765273   0.35870321   0.31454737   0.33051732   0.68863669   0.74520269   0.42296117   0.70483960   0.30995512   0.08190349   0.55702605   0.53161410   0.55051745   0.37849568   0.44090664   0.59419966  -0.10911731   0.35269388   0.46732086   0.39663441   0.29483098   0.58125109   0.29077037   0.39875380   0.24790028   0.27897193   0.46050835   0.00000000   0.59156809   0.22722171   0.66724611   0.41231852   0.51327349   0.29191427   0.46672342   0.43979928   0.07996475   0.46972320   0.42796149   0.37706347   0.40180185   0.55490462   0.59114009   0.54450257   0.71441141   0.58853666   0.40459896   0.52655558   0.12253004   0.03762568   0.38375598   0.66269047   0.42499856   0.41591573   0.42102788   0.42255292  -0.03161344   0.55011774   0.42727104   0.54075351   0.51591014
  0.50023281   0.21609474   0.14680450   0.81677583   0.60415932   0.72482904   0.64752067   0.47566068   0.40318902   0.32257417   0.23633743   1.00000000   0.57869083   0.84214494   0.75626865   0.54571042   0.67575647   0.77233379   0.02665106   0.05881866   0.49291643   0.39982847   0.53698534   0.39333456   0.32636228   0.80222735   0.35547036   0.48191835   0.45628936   0.29172927   0.22305857   0.30387879   0.69889004   0.70479268   0.60609676   0.74767236   0.33740626   0.45634226   0.77559658   0.87440634   0.76666977   0.00000000   0.09678885   0.56218696   0.41623737   0.55657131   0.37337000   0.74960547   0.76355129   0.85293853   0.56548650   0.49975816   0.82774800   0.74732666   0.50757139   0.63118871   0.47213179   0.22806257   0.26422213   0.39389485   0.39234159   0.44665170   0.63611639   0.60324770   0.76673321   0.28581489   0.59873565   0.58744596   0.81143578   0.54891348   0.51367216   0.22762825   0.56810011   0.71069947   0.71067900   0.35638854  -0.05241356   0.00468778   0.14042132   0.42370082   0.19400129   0.21249351   0.27763657   0.33713890   0.17979564   0.13165784   0.31796333   0.13603307  -0.06320025   0.11049119   0.20423843   0.30088667   0.43714588  -0.00469586  -0.03519844   0.17168007   0.32741972   0.11829764   0.21380807   0.04296103   0.31158344   0.10919721   0.00157428   0.05348891   0.15299710   0.11408242   0.23350678   0.11796258  -0.15885429   0.00332124   0.27409178   0.01143154  -0.19068739   0.22981234   0.10985528   0.35810662   0.00000000   0.06566483   0.05643303   0.29593826   0.13494370   0.30450632   0.37930653   0.11488158   0.29234557   0.08293136   0.17586231   0.37306604   0.34332392   0.16766106   0.28430640   0.18774488   0.01880892   0.07622631  -0.08340358  -0.00458983   0.04511530   0.31388348   0.39855810   0.38244781   0.19925017   0.44131490   0.20990624   0.15531072   0.13369647  -0.02204347   0.09681649  -0.06792439  -0.04594736   0.13855266
  0.51967828   0.17205581  -0.17140661   0.41759484   0.41524164   0.33712439   0.25951834   0.09735379   0.22747506   0.01374925  -0.08466031   0.57869083   1.00000000   0.67524853   0.35469127   0.16331055   0.32430577   0.34730777  -0.16747525  -0.19458100   0.44632753   0.19589584   0.40521069   0.74732934   0.21054362   0.40911468  -0.15723353   0.06479370   0.01195812   0.04026863   0.60738857   0.03056191   0.66500397   0.67929418   0.50653576   0.62492862   0.09790087   0.52510062   0.78792291   0.56713918   0.47790182   0.00000000   0.02774209   0.31070864   0.13831993   0.16805590  -0.02311214   0.55107793   0.52759437   0.29169782   0.35483393   0.34595192   0.39244923   0.43127939   0.13740077   0.54231888   0.08176871   0.07601749   0.00263978   0.45460168   0.24647939   0.33274994   0.48238189   0.69542880   0.67072779   0.01173940   0.17096187   0.23472509   0.31679631   0.06873961   0.67320274   0.05220414   0.48793233   0.69432805   0.58737662   0.32429241  -0.11915444  -0.29358673  -0.17922115   0.12949470  -0.07256482  -0.20496479  -0.16368287   0.05087920   0.05444108  -0.16519968   0.01040173   0.13112064  -0.15206620  -0.18631734  -0.10912091   0.11806810   0.14112555  -0.34737936  -0.36193925   0.12755351   0.03200265   0.01930701   0.40466964  -0.28016205  -0.13783788  -0.28671538  -0.28403532  -0.33937907  -0.19533372   0.17583149  -0.11693579   0.05570887  -0.27312003  -0.23192177  -0.08543710  -0.11553450  -0.23295215   0.17042226  -0.11258955   0.09926445   0.00000000  -0.12714626  -0.24596433   0.00849456  -0.17550185  -0.17974299   0.29195756  -0.08956199  -0.14728727   0.12130087   0.05002820  -0.04899989  -0.00241186  -0.17290389  -0.15067726  -0.19423837  -0.14396894  -0.19708552  -0.16810245  -0.06579739  -0.21400934   0.17022933   0.27154457   0.13335828  -0.10817493   0.11946684  -0.12368102  -0.26148337  -0.24261152   0.02291047  -0.08728321  -0.24056216  -0.22441562  -0.03064097
  0.70924309   0.26530615   0.02137272   0.75591011   0.69491714   0.69900779   0.48452446   0.36006396   0.52013942   0.28905530   0.08615210   0.84214494   0.67524853   1.00000000   0.74187239   0.48543957   0.52926186   0.63386642  -0.10360503  -0.15782024   0.49833338   0.42074038   0.46993669   0.56714670   0.34878577   0.68372300   0.23606333   0.39190335   0.30362986   0.32802318   0.33419409   0.26733592   0.65108565   0.62895892   0.51918334   0.64329085   0.32723572   0.52480941   0.86644180   0.87706644   0.66953028   0.00000000   0.17270313   0.48229647   0.42638806   0.41378401   0.31417540   0.71376804   0.69148182   0.70969547   0.50673116   0.49978596   0.84392821   0.75260429   0.45727338   0.65363221   0.42017360   0.28348767   0.22555462   0.37467057   0.39846689   0.45064306   0.82492949   0.56149626   0.83402560   0.31769580   0.56298867   0.43973583   0.65643406   0.36029197   0.60536417   0.33040538   0.58641965   0.71083470   0.66944569   0.56149769   0.01102986  -0.08787303   0.09063314   0.52435754   0.20767174   0.07315241   0.13550313   0.39232300   0.21888277   0.05530161   0.21669282   0.26645970   0.01898865   0.05426382   0.14875099   0.23033284   0.34682893  -0.11891959  -0.17779348   0.25712030   0.32063237   0.06012738   0.38139013   0.00691779   0.18304394   0.02578044  -0.09210935  -0.06525921   0.14465227   0.11007451   0.16830496   0.05764157  -0.18919766  -0.12762318   0.15488467  -0.02580447  -0.19756534   0.39807254   0.16311462   0.29646662   0.00000000   0.09922245  -0.02451774   0.32669114   0.02466880   0.22922532   0.39911968  -0.01968293   0.19676169   0.08958835   0.27615842   0.29692287   0.32127931   0.11631080   0.18791123   0.12891100   0.07893396   0.04342115  -0.15254996   0.04286270   0.05988915   0.49329866   0.29192585   0.44514583   0.20433663   0.42176471   0.07759367   0.07947929  -0.02759954  -0.06183607   0.16350472  -0.12785415  -0.07140862   0.07066428
  0.50207349   0.34630711   0.40952066   0.74160932   0.81728213   0.89833325   0.68948576   0.65787257   0.64838850   0.42156956   0.26376450   0.75626865   0.35469127   0.74187239   1.00000000   0.86082198   0.69127357   0.74775699   0.02340337  -0.00772246   0.42897432   0.42742062   0.59805786   0.29797178   0.58427358   0.69690426   0.58293174   0.66259327   0.58949274   0.64016811   0.19781041   0.37013974   0.63676621   0.57153852   0.58337945   0.55910557   0.56380432   0.58368125   0.56162911   0.70093117   0.68240368   0.00000000   0.27398145   0.71989130   0.44199505   0.65864758   0.63495759   0.74172585   0.79719751   0.76380224   0.62751610   0.47643079   0.89471508   0.93306502   0.87466494   0.66357808   0.67357287   0.32150920   0.32220625   0.29781145   0.41703191   0.42047055   0.70855629   0.47368131   0.72288883   0.51157415   0.72688514   0.63559123   0.84143580   0.69298664   0.55895532   0.59938203   0.65216464   0.68005116   0.67979068   0.37098335   0.20986304   0.26924438   0.33482806   0.72355698   0.49507230   0.46058096   0.51441600   0.59036697   0.27459459   0.24582672   0.32431124   0.11583611   0.07580288   0.40584313   0.54928000   0.39077424   0.44205779   0.18576985   0.09568380   0.35828527   0.38345683   0.34470149   0.26685683   0.36104016   0.36993413   0.36103797   0.20055744   0.28179758   0.46518754   0.24231963   0.43941223   0.29145074   0.10203247   0.30561039   0.38667004   0.26179348   0.13961767   0.26870406   0.27632302   0.46787380   0.00000000   0.27646566   0.46140961   0.39323460   0.31545665   0.54752687   0.38677062   0.28645176   0.36156645   0.32298298   0.33886126   0.53278640   0.65196081   0.56233554   0.42968840   0.39750975   0.23621069   0.24092414   0.12813317   0.19329595   0.27245914   0.32724270   0.33052917   0.51495337   0.40514963   0.62399393   0.35985423   0.39935814   0.33869172   0.04504230   0.42017794   0.20881004   0.23387713   0.28348463
  0.23536367   0.37109584   0.65715049   0.54679072   0.70263003   0.84246089   0.73699380   0.78742180   0.60242663   0.38948480   0.33227108   0.54571042   0.16331055   0.48543957   0.86082198   1.00000000   0.52741955   0.57354091   0.14147253   0.10525238   0.24872058   0.31454378   0.44473210   0.05055114   0.50125923   0.48012614   0.66774732   0.72618432   0.74979551   0.67422810   0.13241603   0.44217016   0.42246550   0.35837533   0.34481510   0.25204884   0.49262390   0.36741831   0.38515671   0.52392236   0.50771978   0.00000000   0.34359014   0.64108012   0.33405979   0.71563386   0.72508277   0.60185647   0.62067805   0.60433128   0.55309443   0.29281750   0.68521014   0.77589948   0.91917954   0.45413338   0.56742340   0.26160527   0.28689024   0.12122340   0.28299306   0.23710051   0.45830819   0.28879038   0.44393493   0.47646100   0.71184341   0.58959582   0.72393963   0.81605143   0.42816888   0.68243877   0.39371704   0.49644257   0.47035826   0.19296712   0.36251998   0.56924015   0.53100167   0.64277696   0.65077252   0.67605575   0.75688140   0.62629752   0.22050129   0.31885514   0.43692541   0.15201048   0.19054983   0.51681385   0.78442305   0.39565633   0.42591502   0.42106623   0.29930845   0.34131984   0.34510262   0.43181730   0.17699325   0.49154451   0.44617272   0.52161596   0.47287599   0.60446608   0.58025068   0.37533290   0.58383028   0.47719872   0.35593597   0.49547434   0.50944069   0.38757400   0.33483547   0.30073149   0.48995670   0.59525980   0.00000000   0.36801794   0.63806016   0.33390192   0.58295723   0.67086332   0.36752592   0.41957403   0.47173786   0.43024245   0.32620899   0.56152885   0.73024645   0.74181186   0.43796234   0.45076004   0.30257699   0.32555281   0.33315931   0.29198433   0.41169453   0.16637756   0.33271865   0.45901144   0.44230949   0.61185665   0.55884758   0.52248663   0.63024235   0.24888211   0.54406823   0.36914922   0.42657704   0.40024010
  0.37093103   0.20309045   0.27615210   0.68976840   0.51192250   0.67870575   0.51116617   0.48474842   0.49028647   0.40997716   0.21656427   0.67575647   0.32430577   0.52926186   0.69127357   0.52741955   1.00000000   0.88928658  -0.07054673  -0.12162066   0.52831731   0.41733284   0.67858428   0.17164207   0.21578510   0.60463079   0.39036800   0.51909178   0.46595731   0.34986777  -0.02933566   0.38505422   0.55973838   0.45106026   0.73985224   0.49772592   0.50595615   0.34142383   0.44373358   0.57573503   0.59576017   0.00000000   0.01603235   0.62268254   0.44425664   0.53766112   0.43487899   0.76635062   0.78811638   0.78394745   0.55307109   0.40869969   0.70354810   0.68023047   0.48222048   0.45397182   0.44599945   0.22195226   0.31697917   0.37176185   0.63248020   0.57721738   0.55035237   0.41393656   0.60518545   0.43887510   0.63371682   0.45542017   0.62813197   0.46973239   0.30333938   0.31141561   0.55171776   0.49729824   0.52274158   0.36909523   0.11030964   0.22305688   0.29222701   0.46217030   0.41895167   0.32743856   0.38023306   0.39712358   0.34757386   0.17932606   0.22738328   0.09523374   0.04286163   0.18297018   0.26173895   0.57828973   0.57440195   0.06053657  -0.02539402   0.39020450   0.41452493   0.45450802   0.23706375   0.12951434   0.39969079   0.26131827   0.17334685   0.20324797   0.27588977   0.26411543   0.39061091   0.26328753   0.13364909   0.36053633   0.39753964   0.23780151   0.00428961   0.13127175   0.05226404   0.41062485   0.00000000   0.05578153   0.31049901   0.43138049   0.26425440   0.47853532   0.42522350   0.40961531   0.35967066   0.30720212   0.28507388   0.32997275   0.39722849   0.25165882   0.35076931   0.29533334   0.20609334   0.21770530   0.13906185   0.30204910   0.30548102   0.30576459   0.44672691   0.50321844   0.34560047   0.54180960   0.29040648   0.21392419   0.21642275   0.22360938   0.18469033   0.13131362   0.12052351   0.27238877
  0.36057927   0.13709199   0.23507257   0.68913692   0.58044609   0.77376124   0.55530577   0.46464233   0.50073908   0.38628143   0.16895787   0.77233379   0.34730777   0.63386642   0.74775699   0.57354091   0.88928658   1.00000000  -0.11745785  -0.13019006   0.43604746   0.38552471   0.60921064   0.11784237   0.22464028   0.64927580   0.40120295   0.47178980   0.43554903   0.35556902  -0.07942687   0.45314072   0.54176908   0.46607047   0.68929411   0.48938293   0.43397699   0.27022417   0.55253072   0.70043729   0.55583008   0.00000000   0.01218808   0.66094218   0.41386167   0.51831800   0.43882776   0.86836093   0.74631145   0.85737677   0.53228826   0.39659271   0.78585390   0.74552023   0.52545267   0.51219768   0.45362555   0.19540462   0.29452846   0.25467484   0.53800763   0.49185046   0.62199883   0.39837778   0.62712772   0.40036137   0.70576526   0.44882478   0.68749948   0.48859883   0.30218952   0.31677957   0.49456109   0.47834301   0.51346971   0.37291446   0.08924588   0.17396295   0.27276636   0.53968095   0.47296412   0.37616281   0.41307347   0.42668127   0.30757670   0.15429640   0.30220302   0.11802789   0.08013119   0.24991618   0.33306674   0.48388717   0.57690288   0.03021632  -0.05079425   0.34517147   0.39888596   0.39179963   0.20006184   0.15465199   0.44682771   0.28839291   0.16375192   0.21683749   0.29016099   0.24290652   0.44011359   0.22722314   0.08640246   0.34434903   0.36543519   0.24650664   0.00672937   0.16476640   0.14377115   0.36990380   0.00000000   0.03372865   0.31337387   0.41390150   0.29523952   0.50432736   0.48446408   0.36137059   0.40316521   0.24105759   0.28624311   0.43352906   0.48453684   0.30720300   0.42008765   0.35208559   0.19053658   0.20880981   0.07593221   0.28416045   0.27730061   0.30787406   0.47509715   0.52018160   0.37292037   0.58936428   0.32461439   0.30694015   0.26179899   0.21421332   0.19033335   0.11296624   0.13958964   0.23216827
 -0.11354992   0.50895148   0.39492549   0.04182544  -0.15736648  -0.05824977   0.29026993   0.33498095   0.12935560   0.38100196   0.66648383   0.02665106  -0.16747525  -0.10360503   0.02340337   0.14147253  -0.07054673  -0.11745785   1.00000000   0.75277162   0.22275111   0.36973356   0.05262406  -0.04961045   0.27604888   0.16415885   0.50272700   0.05025173   0.26617728   0.33567867  -0.06100930   0.09661805   0.04690945   0.06677216  -0.14947404  -0.01237208   0.16473861   0.00494732  -0.09786249  -0.07359102   0.18860777   0.00000000   0.48850975  -0.13110782   0.38963719   0.17797461   0.30329440  -0.14150892   0.04692165  -0.00544576   0.03308907   0.26464486   0.08690976  -0.06447530   0.15688602   0.04301432   0.41057678   0.46134002   0.61353045   0.26072526   0.09007762   0.21225817  -0.21087887  -0.21973761  -0.09506488   0.39994382   0.13405819   0.18583507   0.17372057   0.27932384  -0.12558111   0.24449816   0.09967303   0.13080604   0.04356381  -0.04822316   0.40854415   0.35576774   0.36367151   0.02863074   0.18429327   0.33728018   0.22073970   0.31866021   0.35757176   0.68614387   0.34916074   0.06695519   0.35021097   0.44378499   0.30243638   0.16139091   0.15871147   0.74833402   0.76829118   0.21544879   0.39513945   0.35268084   0.02790542   0.40684297   0.36141218   0.43067488   0.29404662   0.35146101   0.46296753  -0.06216885   0.21249293   0.38506924   0.32608262   0.30624883   0.38842758   0.21357605   0.35478082   0.19876233   0.23209249   0.29122937   0.00000000   0.59432390   0.21553138   0.35146123   0.28578175   0.22090861   0.12210946   0.40387101   0.32126850   0.21889663   0.22137026   0.37195787   0.27265507   0.33919238   0.38742800   0.38995472   0.40081993   0.58836712   0.54625727   0.25011183   0.40332043   0.03851506  -0.06646085   0.23781593   0.35909175   0.27291899   0.29394972   0.39922741   0.33229284   0.02907103   0.36216875   0.42316796   0.43674432   0.43264249
 -0.28403950   0.20624283   0.38251039   0.05057168  -0.13704368  -0.05989611   0.15262503   0.22755385   0.03854979   0.25700615   0.77323521   0.05881866  -0.19458100  -0.15782024  -0.00772246   0.10525238  -0.12162066  -0.13019006   0.75277162   1.00000000   0.06044471   0.22533239  -0.01661230  -0.18858731   0.31830748   0.05124118   0.43290949   0.03240334   0.25776014   0.31220534  -0.04775334   0.13889688   0.03892293   0.16011504  -0.12359737   0.00406214  -0.13729120  -0.03265781  -0.17899668  -0.08960531   0.17088025   0.00000000   0.36944697  -0.08642607   0.26295711   0.15899413   0.14775849  -0.21386485  -0.00847136   0.00234053  -0.11507709   0.13465647  -0.02706405  -0.10554209   0.13552834  -0.07442846   0.30154616   0.32450905   0.44912526   0.05237340  -0.13128637   0.06976703  -0.22133187  -0.08489943  -0.13448889   0.25263528   0.04049625   0.10439604   0.16981548   0.18292541  -0.07766879   0.19444824  -0.10586895   0.05624213   0.06306883  -0.26131451   0.24162361   0.25575111   0.23843432  -0.02119192   0.02709236   0.19504147   0.14983868   0.22824920   0.22345990   0.61675937   0.26522517  -0.02834599   0.11828346   0.31198891   0.22008018   0.03295161  -0.00926832   0.58927639   0.75258841   0.05135406   0.29541101   0.13704888  -0.12067817   0.46975487   0.29253950   0.31876022   0.22690013   0.26443713   0.32014082  -0.12919812   0.15569981   0.26821909   0.25979852   0.16152361   0.33206893   0.19525897   0.31707629   0.01908228   0.14594937   0.20354585   0.00000000   0.47021688   0.15747344   0.21844578   0.17921210   0.15768527  -0.04395385   0.27667190   0.14834085  -0.01043360   0.16791159   0.23664570   0.12030284   0.25569953   0.30188773   0.31615545   0.26460865   0.48734540   0.38950660   0.09456508   0.21115240  -0.16913133  -0.06263838   0.05503020   0.30003255   0.09719703   0.19957728   0.26750640   0.22143593  -0.02295290   0.33583841   0.33613380   0.35992858   0.36368053
