  1.00000000  -0.51146929   0.32859051   0.20902087   0.88407806   0.81299497   0.44558054   0.35489862   0.33467372   0.16991052  -0.57352715   0.54430618   0.34629128   0.64021982   0.77065574   0.67786972   0.31998618   0.68376470  -0.74250193  -0.86529779  -0.49366823  -0.41818836  -0.37455815   0.83160888   0.36054326   0.52981589   0.37204319   0.50401816   0.01314855   0.39475282   0.88686171   0.61421285   0.35047965   0.49701905   0.58595146   0.50218691   0.07343171   0.16628777   0.71639367   0.74092952   0.48976098   0.00000000  -0.48379048  -0.22540895  -0.37464836   0.32559897   0.51230508   0.76923537   0.38868379   0.56341016  -0.28729062  -0.64518137   0.73908141   0.76753113   0.60512742   0.42724947   0.36621053  -0.55945107  -0.69817751  -0.43382130  -0.45440623  -0.50119180   0.84984455   0.85678615   0.41317952  -0.23159934   0.33788190   0.58969645   0.38799219  -0.09975908   0.78578876   0.43037436  -0.13749210   0.36534978   0.36467146   0.81076613  -0.59025754   0.24391956   0.39189476   0.78453538   0.66480596   0.47375782   0.15820873   0.41737865  -0.02436364  -0.54303795   0.72749526   0.69510471   0.69277496   0.68283642   0.69235525   0.29381429   0.55249342  -0.68384010  -0.68960812  -0.46185279  -0.44999303  -0.43676223   0.86893077  -0.28706797   0.08562228   0.49448493   0.59649711   0.39139208   0.41619662   0.81278566   0.72875275   0.05583985   0.56723547   0.54641559   0.06641765   0.12275612  -0.30786902   0.73125061   0.75097146   0.22436169   0.00000000  -0.59199151  -0.15519726  -0.23427621   0.51929845   0.40181068   0.52296447   0.39357392   0.40370623  -0.43666095  -0.73266352   0.72332964   0.55674949   0.68147647   0.31234578  -0.00534885  -0.52822325  -0.62894628  -0.42344909  -0.27497638  -0.59772239   0.69579018   0.82095389   0.57918476   0.17617422   0.42177554   0.56071015   0.57935720   0.19397758   0.81205726   0.28166732  -0.31815517   0.24567007   0.13490790
 -0.51146929   1.00000000  -0.03801701  -0.06218021  -0.54067458  -0.59137411  -0.35985387  -0.28648219   0.01358490   0.27793789   0.54704369  -0.42160319  -0.11239620  -0.31884998  -0.50710861  -0.47921188  -0.16533257  -0.46688925   0.67830064   0.62478102   0.72857468   0.78733445   0.47537688  -0.34485138  -0.12997264  -0.20204725   0.08980367  -0.37802963   0.01805141   0.10866401  -0.62510768  -0.41903968  -0.10987701  -0.17853740  -0.40206468  -0.30935754   0.17821730   0.17321943  -0.47050266  -0.50856011  -0.24565084   0.00000000   0.68169728   0.25950552   0.67956844  -0.25930254  -0.40162389  -0.59305427  -0.14748848  -0.38290384   0.47063142   0.83066206  -0.44597504  -0.50009219  -0.51126021  -0.18013950   0.18452114   0.79577546   0.75868901   0.73986621   0.60098773   0.72072067  -0.50606716  -0.64996664  -0.02174816   0.36825526   0.18879406  -0.42448464  -0.11566551  -0.02849411  -0.64279876  -0.08244361   0.37650663   0.08047903   0.01027458  -0.41088263   0.79656473  -0.05830149  -0.19592733  -0.35082071  -0.50108083  -0.29170030  -0.18497793   0.00609603   0.34968594   0.44488286  -0.33492550  -0.18628368  -0.38132792  -0.24324069  -0.46487255   0.20954081  -0.23590689   0.62758967   0.58520849   0.78549124   0.71879326   0.45086350  -0.42060637   0.37872264   0.22289144   0.01164420  -0.46417032  -0.21239347   0.10570790  -0.62400766  -0.56898813   0.19630000  -0.26407871  -0.13385894   0.16843823   0.51756176   0.48196035  -0.38086357  -0.45621648   0.11619455   0.00000000   0.68202347   0.44629456   0.53726406  -0.28505075  -0.23135350  -0.26158688  -0.00916867  -0.08452251   0.58027343   0.77194128  -0.29771058  -0.21348736  -0.47009475   0.02470208   0.32090580   0.81554791   0.75276427   0.62458995   0.69406583   0.69377500  -0.17754646  -0.54621481  -0.24336216   0.15863899   0.07685702  -0.20389542  -0.19706813  -0.11026418  -0.56810748   0.09722889   0.65636789   0.18167473   0.18203935
  0.32859051  -0.03801701   1.00000000   0.45208019   0.30916288   0.29175020   0.65511123   0.72993262   0.35111926   0.29159437  -0.12235981   0.34366760   0.05945324   0.41560007   0.34816069   0.62251635   0.29458030   0.31298368  -0.18196721  -0.17723773   0.04682007   0.03934677  -0.08469578   0.22575701   0.06732151   0.36111905   0.70507303   0.66125042   0.55561416   0.71714315   0.34370604   0.33879405   0.21508083   0.29021247   0.02615121   0.18632842   0.18711571   0.27621127   0.35010335   0.38974535   0.44130576   0.00000000   0.01828746   0.02795215   0.06923958   0.66765448   0.74076289   0.20020035   0.27530497   0.49529948  -0.04986283  -0.05677130   0.39818817   0.44614954   0.49635790   0.12425508   0.64359853  -0.12596176  -0.01945562   0.21188445   0.10501956  -0.00781264   0.27925174   0.30418344   0.13390422   0.07875036   0.40902616   0.61202087   0.54066356   0.60704022   0.25452576   0.52904086   0.22746386   0.34959160   0.42133600   0.38367098  -0.06601691   0.74406331   0.34030312   0.42462845   0.31220682   0.71627348   0.75457035   0.34071229   0.22400269  -0.32530973   0.29354858   0.17007553   0.32480489   0.34661971   0.62990663   0.21633400   0.29540461  -0.20414929  -0.24659432   0.07490822  -0.05964943  -0.16476934   0.14219253  -0.09749019   0.34749374   0.69615504   0.48865928   0.61420218   0.73327703   0.27297762   0.22443001   0.06718894   0.08005551   0.11734502   0.04376231   0.23864847  -0.12264363   0.30162720   0.23362455   0.29499144   0.00000000  -0.25423768  -0.11183775   0.08263253   0.60543138   0.77386233   0.13260328   0.07971669   0.24092713  -0.11276725  -0.12778489   0.43403834   0.35872037   0.52423580   0.13574669   0.58940757  -0.02529112  -0.09123242   0.07865019   0.13800949  -0.11330719   0.29572122   0.26936220   0.18839849   0.22916740   0.34363330   0.64625802   0.42892489   0.71694201   0.29839960   0.52431874   0.09065836   0.07658659   0.09801752
  0.20902087  -0.06218021   0.45208019   1.00000000   0.26069379   0.29614310   0.59378479   0.64510604   0.41278628   0.36604555   0.15514661   0.76514106   0.58324369   0.50333807   0.54336277   0.57665310   0.77526786   0.56649557  -0.08922207  -0.00874982   0.30416449   0.16184540   0.25049902   0.39815189   0.40869673   0.77769622   0.35414466   0.57305680   0.71075700   0.43227171   0.19601149   0.23197280   0.74710187   0.66417793   0.44218831   0.69741537   0.42105263   0.64452822   0.59935526   0.55863088   0.84269713   0.00000000  -0.00227564   0.21384379   0.24008515   0.79638303   0.50241474   0.23494879   0.80988809   0.81035841   0.43731352   0.04645217   0.61248772   0.47114935   0.60007225   0.49763966   0.53777245   0.01671746   0.01301255   0.22359127   0.38489535   0.24777508   0.43882902   0.24678438   0.60030753   0.24131668   0.48543038   0.55733508   0.84728037   0.59795857   0.19554056   0.53518068   0.60954651   0.73575761   0.78636027   0.06876858  -0.11374653   0.29939807  -0.18100744   0.30555087   0.11332160   0.28331019   0.37985903   0.27830248   0.17969925  -0.02533349  -0.05937348   0.23612553   0.10342312  -0.00413158   0.33786483  -0.07222821  -0.07050935  -0.00528906   0.02841565   0.02418942  -0.00525887  -0.05235872  -0.07067777  -0.10087373   0.04679328   0.23699924   0.07192429   0.27663941   0.33059490   0.01631236   0.02534164  -0.25888630  -0.25441081  -0.23031072  -0.30010004   0.03515849  -0.26784854   0.03390172  -0.06617843  -0.10145156   0.00000000  -0.03162938  -0.06261203   0.09144839   0.09745756   0.27293390  -0.14629527  -0.34746003  -0.21587325  -0.06332557  -0.07085697   0.01917149   0.16030479   0.10758269  -0.06687410   0.10975247  -0.06872925  -0.00664427  -0.09986383  -0.05475163  -0.08238101   0.13401319  -0.04837177  -0.13294842  -0.05858326   0.23723096   0.08724546  -0.10208436   0.21904498  -0.00351830   0.27384904  -0.22039403  -0.20794569  -0.19570476
  0.88407806  -0.54067458   0.30916288   0.26069379   1.00000000   0.90322676   0.60649696   0.46783788   0.27763679   0.03703133  -0.65210901   0.63445607   0.24933683   0.58769960   0.90126662   0.80566186   0.36056789   0.75837864  -0.62949359  -0.89457423  -0.50414470  -0.49945363  -0.48478347   0.66614547   0.33489344   0.57272784   0.39612671   0.61282197   0.10211708   0.31409785   0.85654453   0.72564205   0.41612464   0.47490065   0.59727841   0.49107764  -0.03507088   0.05156534   0.74594967   0.82532835   0.44372979   0.00000000  -0.44980627  -0.41990691  -0.48882859   0.41486304   0.64631181   0.83037719   0.40937848   0.66982874  -0.41858999  -0.73122051   0.84740359   0.91718561   0.77086572   0.31553459   0.39411988  -0.59526042  -0.73730002  -0.54961352  -0.58332743  -0.62495396   0.86886144   0.89036307   0.25034984  -0.35552801   0.24431363   0.72912900   0.50382274   0.00234695   0.85953242   0.36111699  -0.23722758   0.24398876   0.27105423   0.75283770  -0.63088091   0.30748733   0.34298071   0.84092889   0.72827174   0.53535979   0.22201339   0.35242757  -0.15243369  -0.65122254   0.66482954   0.48266006   0.61322651   0.71354187   0.79411257   0.18324739   0.58674075  -0.82490952  -0.80036607  -0.56204912  -0.54759984  -0.62626013   0.76509832  -0.50089127  -0.13298236   0.46478467   0.65136765   0.44794988   0.37833812   0.81233004   0.82395698  -0.03966585   0.50121070   0.53087303  -0.12026896   0.05287065  -0.42349886   0.71806519   0.77179335   0.07272619   0.00000000  -0.66096557  -0.18342979  -0.42657225   0.51841788   0.47623626   0.46759916   0.28059121   0.36106736  -0.62507426  -0.76044650   0.76791816   0.61211174   0.78972612   0.07751383  -0.04077666  -0.67778453  -0.73563614  -0.61701174  -0.38139573  -0.75464991   0.60563184   0.85546555   0.49902896   0.03537885   0.42125348   0.57915021   0.57675949   0.24494885   0.78035814   0.14404487  -0.47342046   0.01750144  -0.00793451
  0.81299497  -0.59137411   0.29175020   0.29614310   0.90322676   1.00000000   0.66256074   0.49253616   0.30758820   0.04698078  -0.69476411   0.71661041   0.39391697   0.64447840   0.87188333   0.79779618   0.44402844   0.84517331  -0.71777994  -0.84274906  -0.49736387  -0.56080963  -0.44154948   0.70349966   0.26931646   0.50773904   0.27362523   0.60709821   0.11912456   0.24924189   0.89054485   0.78369577   0.42661461   0.48515493   0.64619547   0.51603999  -0.02255559   0.00088841   0.81331018   0.86725571   0.46734010   0.00000000  -0.48902940  -0.39377720  -0.50881556   0.40204509   0.64337128   0.95160958   0.46722713   0.72550925  -0.34373839  -0.72054555   0.84091966   0.88952569   0.79820393   0.34443614   0.23358776  -0.67040585  -0.73714969  -0.57043632  -0.56066329  -0.62263795   0.90412158   0.95192967   0.34890030  -0.42018001   0.25925223   0.66087418   0.48585803   0.03296398   0.95823737   0.34505606  -0.23346957   0.22044989   0.30622743   0.80117484  -0.69804219   0.31761042   0.39790628   0.81520572   0.88505282   0.58152634   0.30126937   0.36475909  -0.13555810  -0.68363531   0.73321742   0.58246276   0.73690886   0.71650047   0.81746298   0.19009737   0.62938365  -0.83089188  -0.82497722  -0.59243852  -0.57607509  -0.61005824   0.78251047  -0.49902860  -0.11730562   0.39556243   0.63862782   0.44898923   0.31882630   0.90324686   0.89582567  -0.01801101   0.51207045   0.45736403  -0.10819942  -0.09063457  -0.39533215   0.80751778   0.82876861   0.09116740   0.00000000  -0.68781771  -0.35134464  -0.41607646   0.53656611   0.49671621   0.61011998   0.29960541   0.40170946  -0.51814380  -0.77876112   0.74483871   0.69610070   0.79849230   0.09551490  -0.10171338  -0.71490611  -0.79857790  -0.61657893  -0.45596306  -0.74440776   0.68496417   0.87081821   0.64826916  -0.00658137   0.44716739   0.54476651   0.60307588   0.28204907   0.88855203   0.11847381  -0.48705802   0.03309502  -0.02184124
  0.44558054  -0.35985387   0.65511123   0.59378479   0.60649696   0.66256074   1.00000000   0.89104838   0.25954863   0.01811262  -0.40372801   0.67308693   0.14988141   0.56775138   0.72110726   0.89052094   0.39839904   0.59962835  -0.39761986  -0.40155588  -0.21417138  -0.29504142  -0.35695912   0.33741828   0.05353551   0.53102419   0.55188842   0.81053401   0.62393154   0.46379621   0.57329568   0.47564160   0.38712173   0.38750104   0.27173557   0.41376357  -0.00706992   0.08184567   0.60322145   0.70793293   0.58341506   0.00000000  -0.15881817  -0.26207940  -0.24282098   0.81416673   0.89131672   0.54608299   0.40354054   0.77426292  -0.27179816  -0.42538464   0.72211348   0.79017175   0.86872168   0.17076328   0.52010746  -0.46967975  -0.32712819  -0.20185692  -0.24588577  -0.35115043   0.55287683   0.61369171   0.16223925  -0.18594638   0.24030799   0.82287368   0.72688418   0.70134847   0.58598464   0.46377783  -0.02598850   0.23218738   0.41145004   0.48859346  -0.46715140   0.63846574   0.29562302   0.60388618   0.60625463   0.85548063   0.79720551   0.25484686  -0.10409871  -0.56386048   0.40397270   0.19481922   0.44958396   0.55476374   0.85108074   0.04396458   0.40860757  -0.52821498  -0.50321993  -0.33456980  -0.38829915  -0.39409136   0.26092710  -0.38699735   0.03979764   0.53929576   0.55627179   0.69361787   0.51413593   0.51686065   0.51956320  -0.09632768   0.07600797   0.11080245  -0.19931682  -0.03615778  -0.38314681   0.46591039   0.44284429   0.08904085   0.00000000  -0.49642585  -0.27506918  -0.26367381   0.60895805   0.79379984   0.25306710   0.00001561   0.25319312  -0.43241307  -0.43683901   0.56712332   0.60797560   0.74977509  -0.05043106   0.26926597  -0.47780119  -0.42864914  -0.38230131  -0.31675211  -0.51327688   0.37935201   0.46811982   0.23629919  -0.01468229   0.33698454   0.59151922   0.49644504   0.74313439   0.47552392   0.30551914  -0.33486436  -0.20177696  -0.13786954
  0.35489862  -0.28648219   0.72993262   0.64510604   0.46783788   0.49253616   0.89104838   1.00000000   0.41175156   0.18513742  -0.16509010   0.63703014   0.19860826   0.53940938   0.62636229   0.85482919   0.45810315   0.52021421  -0.25018115  -0.24554807  -0.06833111  -0.18115531  -0.14960220   0.29932510   0.22602407   0.58472057   0.61694618   0.77001216   0.72198373   0.56690702   0.44463797   0.40885519   0.44091676   0.39524221   0.25076906   0.48125936   0.16049649   0.20832959   0.55916610   0.62738443   0.68131505   0.00000000  -0.08570555  -0.13436260  -0.09930151   0.89685605   0.90099321   0.38904301   0.44775767   0.73613833  -0.10399103  -0.26635125   0.61783574   0.63547377   0.79623656   0.29334216   0.59525732  -0.30364109  -0.18482764  -0.01228670  -0.03520452  -0.17496057   0.45507597   0.45706987   0.22584594   0.03825374   0.32947419   0.81036440   0.71783229   0.79982845   0.46442724   0.60227045   0.14029424   0.36808955   0.47737562   0.32639329  -0.27618048   0.66831861   0.25470903   0.44934440   0.45553437   0.77727644   0.86812816   0.32045663   0.04945182  -0.37186889   0.23344355   0.11398986   0.32151214   0.34704951   0.77032457   0.00432050   0.31038583  -0.33907042  -0.32052156  -0.21058825  -0.28103958  -0.25225666   0.15702749  -0.17335729   0.17939762   0.53337026   0.53441296   0.68203080   0.50898860   0.34769143   0.39177287  -0.03266980   0.00500812   0.04401170  -0.04952194   0.08896122  -0.25490427   0.30852719   0.25817040   0.18007008   0.00000000  -0.41626511  -0.21237424  -0.16919500   0.59364127   0.78953352   0.13526632  -0.05201570   0.14788412  -0.30043940  -0.26184144   0.37708349   0.37505572   0.62282783   0.06820127   0.39414031  -0.33810198  -0.29123188  -0.15592979  -0.14713364  -0.35583864   0.21023567   0.29500835   0.11606591   0.10245849   0.33671046   0.53621611   0.34846666   0.73748808   0.33297082   0.44545791  -0.20336806  -0.09754452  -0.05687103
  0.33467372   0.01358490   0.35111926   0.41278628   0.27763679   0.30758820   0.25954863   0.41175156   1.00000000   0.87246897   0.19753310   0.36392635   0.54379623   0.44134483   0.34494471   0.36636717   0.42615587   0.37853737  -0.11039464  -0.04247622   0.32561028   0.28615829   0.40934594   0.52172534   0.65710304   0.43925243   0.25054117   0.14796705   0.22394119   0.74849028   0.19423902   0.19146786   0.44638652   0.36310973   0.32617239   0.41383376   0.52004961   0.47207163   0.41713944   0.34488391   0.50000425   0.00000000   0.11816183   0.24113388   0.44000183   0.28599710   0.29766742   0.23206024   0.43342089   0.38938861   0.40325309   0.14747802   0.32854399   0.20755081   0.31679566   0.61419006   0.39719053   0.04347278   0.03845681   0.19591513   0.36132521   0.31027725   0.39099239   0.20803309   0.63459117   0.44928916   0.90183999   0.18668017   0.34535284   0.12603856   0.26240815   0.84336773   0.43683929   0.62541947   0.52349458   0.39135966   0.04946282   0.26610182   0.18666756   0.45306411   0.36574635   0.26361208   0.29032302   0.90646172   0.68358474   0.11769736   0.29828712   0.48038908   0.38947369   0.24511766   0.37222517   0.33444700   0.28016337   0.06304456  -0.01566718   0.17525539   0.27113090   0.21735406   0.34205545   0.40910126   0.44418501   0.27602408   0.10342073   0.23973585   0.49032267   0.14899881   0.23394929   0.28603871   0.18730971   0.13798500   0.34562805   0.33624072   0.31008791   0.33281380   0.18523704   0.42023803   0.00000000  -0.03079092   0.01387355   0.43421233   0.25328993   0.24672379   0.31533535   0.22118468   0.20873416   0.27188369   0.07586028   0.26274898   0.32783063   0.23239823   0.59846327   0.31161168   0.07947535   0.03242832   0.17070452   0.23229854   0.17002267   0.45874729   0.11477597   0.38090526   0.46256182   0.80485489   0.17962509   0.18674479   0.15644133   0.25968002   0.73179858   0.28478328   0.50772219   0.28110418
  0.16991052   0.27793789   0.29159437   0.36604555   0.03703133   0.04698078   0.01811262   0.18513742   0.87246897   1.00000000   0.37263554   0.15934174   0.49440530   0.29661884   0.08942251   0.09801419   0.39414027   0.21378994   0.08100235   0.13494700   0.53176688   0.53561715   0.60857585   0.41636495   0.58078236   0.27833476   0.22109417  -0.05424148   0.18199050   0.70717474  -0.02683311   0.07186643   0.41489733   0.31713996   0.22204875   0.27215697   0.57862674   0.52573586   0.21633560   0.11731300   0.37900652   0.00000000   0.20128169   0.37290242   0.65522888   0.12328443   0.05123825   0.01009336   0.42305617   0.21645429   0.61048992   0.39805493   0.12310949  -0.02172684   0.03253442   0.45174059   0.38522142   0.30340129   0.23465217   0.41087074   0.57012752   0.56264684   0.17069495  -0.03352453   0.64851063   0.56753268   0.91691787  -0.03239883   0.22482220   0.00922139   0.00288901   0.69468359   0.56932706   0.61443046   0.55349635   0.20013711   0.28387984   0.14146031   0.09369608   0.27092679   0.10166864   0.05778202   0.09370934   0.82257180   0.86458901   0.31557301   0.14370388   0.44807608   0.21725485   0.05214763   0.10067805   0.41828577   0.14590203   0.30276892   0.21091469   0.44824859   0.51162420   0.38447074   0.19068586   0.52822151   0.47140867   0.22824236  -0.08700469   0.07140420   0.48165493  -0.07713940  -0.01170661   0.32308304   0.11589490   0.05474847   0.34607337   0.40491113   0.42203860   0.15334519  -0.00930534   0.42130149   0.00000000   0.25217180   0.13081991   0.64862038   0.08404254   0.06044654   0.16566311   0.21307753   0.13307096   0.47420855   0.29126851   0.08712600   0.13995695  -0.03062875   0.54864249   0.34896596   0.37523825   0.28662709   0.35769707   0.44766758   0.43765146   0.34298142  -0.07525628   0.27031421   0.49553228   0.74859776   0.04806804   0.04917039  -0.00904636   0.04307056   0.67754504   0.48482265   0.55709321   0.35961057
 -0.57352715   0.54704369  -0.12235981   0.15514661  -0.65210901  -0.69476411  -0.40372801  -0.16509010   0.19753310   0.37263554   1.00000000  -0.28780884   0.11633222  -0.20814759  -0.50221117  -0.46767991   0.03884493  -0.46006306   0.70794864   0.81560025   0.69465358   0.72229266   0.75482480  -0.31205069   0.18153404  -0.05235127  -0.06112150  -0.41309934   0.13092600   0.14272811  -0.73675159  -0.58746509   0.06799786  -0.09938836  -0.23764364  -0.05858126   0.38874301   0.36445125  -0.38388650  -0.50406291  -0.03185551   0.00000000   0.51955942   0.59580197   0.79546852  -0.08300793  -0.39605917  -0.68926732   0.02646249  -0.30040454   0.68911575   0.77458500  -0.46552996  -0.63679868  -0.48526033   0.12550329   0.05252125   0.78620796   0.79718861   0.63229631   0.77444360   0.81978482  -0.51285951  -0.74143817   0.16427607   0.81962438   0.20984383  -0.43546450  -0.09536177   0.11824667  -0.71892989   0.12670785   0.53826109   0.25171336   0.17414636  -0.52547750   0.70360146  -0.19786717  -0.28283192  -0.45705494  -0.57388301  -0.40581175  -0.09802999   0.05767645   0.49034167   0.84157103  -0.49998676  -0.25144465  -0.44252476  -0.54089437  -0.52534909   0.03005907  -0.42067221   0.83553370   0.84330482   0.67554241   0.68860364   0.69729999  -0.53478539   0.65962880   0.37659585  -0.24856138  -0.54522237  -0.28341632  -0.01464292  -0.80214325  -0.71137885   0.15829491  -0.34221175  -0.34428859   0.26547147   0.28419183   0.55145871  -0.52570202  -0.63929800   0.12787154   0.00000000   0.64617623   0.38553572   0.67591032  -0.38076072  -0.31854341  -0.35595547  -0.18887559  -0.27912868   0.67356686   0.79938385  -0.53862768  -0.44668218  -0.62046532   0.20967234   0.23722101   0.70429034   0.79126529   0.63578491   0.59483330   0.80055819  -0.34627517  -0.79047339  -0.37692333   0.33462872  -0.00934752  -0.43923219  -0.48674356  -0.20844863  -0.71637814   0.23938811   0.57417268   0.23369031   0.22085623
  0.54430618  -0.42160319   0.34366760   0.76514106   0.63445607   0.71661041   0.67308693   0.63703014   0.36392635   0.15934174  -0.28780884   1.00000000   0.69430988   0.67301093   0.87124646   0.78940397   0.78497330   0.84932180  -0.49072194  -0.47147383  -0.13708111  -0.31222110  -0.06800261   0.65655395   0.46452974   0.83329374   0.29367862   0.71732028   0.47351434   0.28533964   0.59794583   0.60210558   0.77180698   0.79090882   0.75231375   0.84850193   0.29612695   0.45813053   0.92949655   0.91305173   0.83907538   0.00000000  -0.28248335  -0.04520320  -0.23189999   0.69331539   0.62431870   0.69204490   0.83433577   0.94248163   0.13321130  -0.42456431   0.90935956   0.77416272   0.84994023   0.56429155   0.39600849  -0.42023524  -0.44578296  -0.21557783  -0.06317834  -0.24492960   0.83110129   0.69156591   0.60509937  -0.15228604   0.34445363   0.73383001   0.86904860   0.38236774   0.65672637   0.45409834   0.30555152   0.63381054   0.65890732   0.38987115  -0.50450715   0.27177734  -0.09053256   0.54383278   0.49748566   0.35839089   0.30456502   0.24630054  -0.08269925  -0.45448584   0.26469277   0.44656125   0.41005361   0.27966570   0.57551344  -0.13008555   0.15549105  -0.49540571  -0.46897908  -0.42824412  -0.44759758  -0.41809028   0.33786455  -0.41991027  -0.17897398   0.23784255   0.37037278   0.31774538   0.18732456   0.48773329   0.52343564  -0.28493556   0.05834168   0.07776035  -0.32276594  -0.04303115  -0.44825630   0.42582007   0.37742115  -0.16015983   0.00000000  -0.47770993  -0.19327375  -0.32441855   0.25037752   0.34656509   0.16644489  -0.19588556  -0.09391398  -0.38137612  -0.54664844   0.30359592   0.36805769   0.42593617  -0.08413348  -0.12331744  -0.54785183  -0.53640274  -0.43758443  -0.35046939  -0.55551463   0.35898768   0.41067796   0.19952877  -0.18880001   0.25431764   0.26312030   0.12065572   0.19101182   0.45850246   0.08483138  -0.55007295  -0.21064168  -0.23416515
  0.34629128  -0.11239620   0.05945324   0.58324369   0.24933683   0.39391697   0.14988141   0.19860826   0.54379623   0.49440530   0.11633222   0.69430988   1.00000000   0.57422002   0.46949558   0.31103515   0.74411779   0.60470168  -0.23069077  -0.10807869   0.21477414   0.08012081   0.43449124   0.70524574   0.57647937   0.59855275  -0.01381889   0.19724253   0.21376195   0.23989692   0.23972399   0.32094437   0.71506553   0.70151751   0.72978338   0.73596946   0.56243326   0.61647832   0.72731160   0.56675645   0.64333304   0.00000000  -0.06323370   0.34929392   0.20796784   0.27008761   0.08113688   0.43355159   0.77808043   0.58828341   0.61012513   0.02804879   0.52720909   0.27930255   0.33430327   0.70861372   0.13300210  -0.02291145  -0.11317668   0.08164457   0.33119701   0.21499454   0.62655583   0.32913233   0.84358123   0.17114549   0.56917073   0.17529024   0.51935311   0.00082839   0.32190595   0.42339594   0.53396351   0.74293323   0.68255923   0.29473075  -0.11277825  -0.02304033  -0.10061601   0.36535444   0.31261025  -0.04382107  -0.06620543   0.37836843   0.30191539   0.03691521   0.22293857   0.62645035   0.37967664   0.06742859   0.16730821   0.11840729   0.05659550  -0.03142032  -0.06447171  -0.02410378   0.01380409   0.04435175   0.31098501   0.06445290   0.10269502  -0.03606709  -0.00769708   0.00862377   0.04759730   0.16898610   0.20793869   0.02065383   0.13127891   0.05480217   0.05517844   0.11030976   0.07356651   0.33149102   0.19998487   0.05275850   0.00000000  -0.07138241  -0.01975741   0.14675495  -0.00924360  -0.10044485   0.27082330   0.00292905  -0.06604719   0.20073756  -0.13800807   0.06920213   0.21156991   0.00199681   0.27467280  -0.15786248  -0.10344471  -0.16378330  -0.00114968   0.03280471  -0.02287071   0.42018866   0.09439060   0.31352906   0.02411998   0.36846246  -0.06368094  -0.05178838  -0.17735425   0.25160767   0.16162160  -0.07397612   0.22255454   0.08283010
  0.64021982  -0.31884998   0.41560007   0.50333807   0.58769960   0.64447840   0.56775138   0.53940938   0.44134483   0.29661884  -0.20814759   0.67301093   0.57422002   1.00000000   0.68914311   0.63933022   0.39502741   0.58683510  -0.46473722  -0.39992328  -0.18072635  -0.17788032  -0.13550934   0.66979573   0.31880247   0.54338838   0.27078413   0.53279847   0.27465879   0.40710791   0.59481063   0.37457888   0.46352224   0.49649566   0.46237897   0.55875299   0.20685059   0.25446593   0.78020347   0.78496935   0.63045465   0.00000000  -0.17530409   0.00474731  -0.05798113   0.49378732   0.51537659   0.56479199   0.53661449   0.64964792   0.10986415  -0.30098210   0.73420753   0.62982397   0.61764354   0.46070738   0.35836596  -0.32074435  -0.31757843  -0.22390222  -0.04816791  -0.15357777   0.71585710   0.60737963   0.56885591  -0.03611152   0.45593358   0.51369880   0.58017815   0.25616878   0.56261744   0.49271495   0.12541928   0.47930105   0.56492486   0.65701497  -0.40980642   0.24315605   0.27595855   0.70963282   0.63398632   0.50664711   0.40758607   0.38846181   0.08686057  -0.32184996   0.54930647   0.63252720   0.74280411   0.50205702   0.61688295   0.17354731   0.35862358  -0.33178801  -0.33434526  -0.20202295  -0.27298460  -0.17139045   0.52413753  -0.08654232   0.20208915   0.26483517   0.31254661   0.37782711   0.30470086   0.50928657   0.43677095  -0.01678098   0.21931168   0.15791668  -0.00375824   0.13288487  -0.09586957   0.58488926   0.49082772   0.16173559   0.00000000  -0.31586575  -0.15319309  -0.06555045   0.35899041   0.39747829   0.39996551   0.15895298   0.20870031  -0.13139203  -0.42033799   0.54020463   0.57804642   0.50631104   0.29450345   0.07141389  -0.32707505  -0.32926792  -0.32233329  -0.18372147  -0.32210701   0.63850855   0.44730826   0.46156681   0.01857155   0.41061713   0.33716400   0.36732810   0.30969471   0.57656656   0.31218541  -0.13866330   0.15470724   0.05852369
  0.77065574  -0.50710861   0.34816069   0.54336277   0.90126662   0.87188333   0.72110726   0.62636229   0.34494471   0.08942251  -0.50221117   0.87124646   0.46949558   0.68914311   1.00000000   0.89099690   0.59185893   0.85286379  -0.57780355  -0.73121163  -0.33649652  -0.44317626  -0.31401786   0.70179969   0.46477886   0.78782327   0.39876765   0.73659620   0.32823809   0.35009813   0.77813946   0.69743670   0.63050494   0.65285660   0.69188069   0.72000737   0.14443426   0.26765788   0.88983437   0.93488276   0.68381163   0.00000000  -0.36928789  -0.28500649  -0.39852053   0.60881711   0.71291315   0.80370642   0.64115600   0.86172372  -0.17567252  -0.62994229   0.96749380   0.94116243   0.90556554   0.49801237   0.47521355  -0.54513058  -0.64184420  -0.41130290  -0.35451159  -0.48351439   0.91526186   0.84255203   0.44840778  -0.26037464   0.30184375   0.82531495   0.76137377   0.24241934   0.80787080   0.46816928   0.02515405   0.47138504   0.47303698   0.62166058  -0.57875303   0.32113584   0.14627335   0.77356650   0.66883349   0.51113121   0.31661161   0.33788148  -0.13426887  -0.58226176   0.50995039   0.50031495   0.57279575   0.57438394   0.77173592   0.02490988   0.40950269  -0.70864407  -0.68605788  -0.52259890  -0.53996007  -0.55283799   0.60187759  -0.47079141  -0.15297442   0.39701927   0.56397170   0.44881845   0.32020108   0.68541075   0.71583864  -0.15805198   0.31799215   0.34205655  -0.21780763   0.05294275  -0.42932195   0.62060447   0.62284457  -0.03309633   0.00000000  -0.60256909  -0.15923346  -0.42406485   0.43723704   0.46768490   0.33917952   0.05202727   0.14666784  -0.53973151  -0.68582173   0.61469880   0.56409557   0.69005235   0.02561703  -0.05183207  -0.66832834  -0.68580735  -0.56026642  -0.37642604  -0.70988536   0.51876364   0.67525547   0.35617438  -0.07533987   0.38096361   0.48106249   0.39185143   0.27778470   0.64205663   0.16289081  -0.52408260  -0.08549583  -0.12886557
  0.67786972  -0.47921188   0.62251635   0.57665310   0.80566186   0.79779618   0.89052094   0.85482919   0.36636717   0.09801419  -0.46767991   0.78940397   0.31103515   0.63933022   0.89099690   1.00000000   0.52640904   0.75231676  -0.50308888  -0.61749343  -0.31849060  -0.40489660  -0.33602830   0.57293523   0.34728251   0.72014707   0.58476237   0.83011056   0.51844746   0.49076420   0.73762625   0.65842021   0.51204786   0.55746143   0.51536407   0.59979407   0.11742002   0.19690130   0.77630842   0.85227005   0.67820090   0.00000000  -0.30213258  -0.25839251  -0.35811256   0.78652611   0.89062504   0.70023530   0.52530770   0.84616003  -0.26401124  -0.55801249   0.86403020   0.89609254   0.94416190   0.39314710   0.58028618  -0.51919017  -0.51721369  -0.29073630  -0.30968105  -0.45223420   0.77424174   0.77172328   0.31224838  -0.22070122   0.29832782   0.90421007   0.76564746   0.52384317   0.75293183   0.55317549  -0.00204479   0.39826224   0.45070513   0.59636650  -0.50662111   0.56376969   0.29442316   0.72089612   0.67070144   0.75182181   0.63645710   0.33566633  -0.10243850  -0.60207923   0.48498345   0.34388406   0.52082775   0.57727931   0.90159063   0.05923348   0.45962352  -0.65430964  -0.63479941  -0.45510991  -0.49353689  -0.50986378   0.48284610  -0.40455536   0.01573558   0.55791132   0.67840544   0.66997779   0.49052682   0.64642578   0.66368725  -0.07902670   0.25035232   0.30029707  -0.13926016   0.07195104  -0.42424701   0.57606744   0.57076205   0.09991188   0.00000000  -0.62176033  -0.22166676  -0.37188626   0.63453770   0.72204299   0.32005734   0.06322941   0.23776703  -0.53869160  -0.58835569   0.62345527   0.55839154   0.79717126   0.04562316   0.19972109  -0.59821907  -0.58757093  -0.42643789  -0.31747583  -0.64543713   0.45137983   0.62244890   0.32759794   0.01438751   0.37335749   0.63849221   0.49534690   0.59509463   0.60984915   0.30893466  -0.41592707  -0.09316517  -0.08620152
  0.31998618  -0.16533257   0.29458030   0.77526786   0.36056789   0.44402844   0.39839904   0.45810315   0.42615587   0.39414027   0.03884493   0.78497330   0.74411779   0.39502741   0.59185893   0.52640904   1.00000000   0.78637034  -0.16915431  -0.23160615   0.20436105   0.00362916   0.34657452   0.55083663   0.53883819   0.72963550   0.30824082   0.45814132   0.50344039   0.35293769   0.29246788   0.58592494   0.88829746   0.80107680   0.76588634   0.79257851   0.48588699   0.63783565   0.70875039   0.60446801   0.71978839   0.00000000  -0.17768351   0.15945858   0.07958911   0.57266653   0.40508257   0.49093709   0.93836919   0.80321109   0.44427515  -0.11003951   0.63768262   0.47851208   0.52359872   0.53769890   0.37779833  -0.06807955  -0.19872083   0.09022758   0.22497723   0.10188719   0.61195577   0.39010496   0.67754026   0.16646123   0.47382543   0.51405803   0.71279597   0.23259475   0.38642908   0.42662921   0.52080332   0.71669087   0.72959226   0.16382891  -0.11091957   0.22481113  -0.06073505   0.32936982   0.23888086   0.12752444   0.12938202   0.32039076   0.27284546  -0.08618603   0.12429434   0.38486775   0.21008491   0.03681055   0.30616416   0.13432395   0.14651745  -0.20806970  -0.20028189  -0.08822552  -0.11313015  -0.19717448   0.19263642  -0.19599007  -0.00957308   0.21766554   0.27584206   0.20844937   0.26986520   0.18839640   0.29684263  -0.01641802   0.11903401   0.08153036  -0.09450680   0.05508936  -0.17661982   0.25384243   0.17062570   0.04006884   0.00000000  -0.23201388  -0.08907110  -0.00495186   0.18313505   0.17540389   0.11754676  -0.06755178  -0.05225537  -0.04666103  -0.20197317   0.09786000   0.12644270   0.13478635  -0.01077666  -0.00147543  -0.20688265  -0.27224718  -0.05674810   0.02642430  -0.18322961   0.22310635   0.17155188   0.14492342   0.07475103   0.34483297   0.17464340  -0.01280328  -0.00240547   0.19355650   0.17225379  -0.24910111   0.01049836   0.04624474
  0.68376470  -0.46688925   0.31298368   0.56649557   0.75837864   0.84517331   0.59962835   0.52021421   0.37853737   0.21378994  -0.46006306   0.84932180   0.60470168   0.58683510   0.85286379   0.75231676   0.78637034   1.00000000  -0.53106213  -0.68665167  -0.22416221  -0.34202726  -0.10377836   0.69950981   0.40851419   0.69673281   0.32435410   0.59236878   0.29338708   0.31607093   0.68933236   0.83768630   0.73159597   0.68946269   0.80942916   0.68971794   0.19547211   0.27950172   0.87987692   0.86520640   0.63375212   0.00000000  -0.42011350  -0.18086035  -0.28610287   0.50660470   0.59469048   0.87906554   0.78921600   0.88523720  -0.02811067  -0.53360797   0.85586358   0.82650030   0.73624688   0.46857487   0.33131882  -0.47037520  -0.60790423  -0.37595543  -0.28397998  -0.36295936   0.89491873   0.78439678   0.53326623  -0.23693147   0.40853413   0.67426546   0.66401820   0.08602321   0.77630283   0.37180806   0.07601508   0.45911233   0.53134513   0.57169391  -0.49474216   0.31929864   0.23169559   0.66506655   0.64670630   0.42447990   0.21401930   0.37418749   0.04901257  -0.50525162   0.53002678   0.54884611   0.53532442   0.46695788   0.64867047   0.22954478   0.52261098  -0.65661024  -0.64954453  -0.41424872  -0.40889156  -0.50198480   0.60746644  -0.44673797  -0.06494264   0.35723376   0.57584730   0.36997672   0.32422199   0.66286587   0.70864755  -0.01205836   0.36380976   0.32405951  -0.10661403  -0.07325238  -0.37641743   0.63827826   0.61670142   0.09614420   0.00000000  -0.55010812  -0.29004410  -0.26327624   0.42694168   0.38552783   0.46797440   0.16518552   0.26889168  -0.39467706  -0.62657976   0.51998393   0.49637972   0.54489749   0.05342415  -0.06722893  -0.56983264  -0.66218367  -0.44709290  -0.29114542  -0.57699276   0.54818808   0.67632223   0.47855602   0.00249756   0.46651378   0.45451001   0.38327922   0.14981952   0.63945166   0.13840343  -0.46625098   0.00536485   0.01924347
 -0.74250193   0.67830064  -0.18196721  -0.08922207  -0.62949359  -0.71777994  -0.39761986  -0.25018115  -0.11039464   0.08100235   0.70794864  -0.49072194  -0.23069077  -0.46473722  -0.57780355  -0.50308888  -0.16915431  -0.53106213   1.00000000   0.74212389   0.61700359   0.65876580   0.50733293  -0.63477723  -0.09086996  -0.23382430  -0.05809739  -0.51096981   0.02937358  -0.07760818  -0.85808672  -0.46681955  -0.12577620  -0.35759768  -0.44271664  -0.36259870   0.03403381  -0.01317972  -0.57225684  -0.61253448  -0.37565750   0.00000000   0.55285187   0.22521736   0.58640817  -0.24425457  -0.40829148  -0.66341688  -0.21172057  -0.43470596   0.35470301   0.72746442  -0.58417933  -0.58226096  -0.56363842  -0.17981479  -0.01371576   0.84657226   0.76073526   0.51846917   0.48282330   0.63585960  -0.63221887  -0.82243346  -0.28337422   0.42450737  -0.05751648  -0.44894528  -0.24000911   0.01746516  -0.76694414  -0.20630050   0.17766044  -0.13305325  -0.17682316  -0.60191483   0.80819648  -0.11320485  -0.16000154  -0.49134458  -0.58989260  -0.34169779  -0.14174378  -0.18096060   0.25824855   0.62418247  -0.48987811  -0.54935302  -0.58899866  -0.43757489  -0.49596946   0.10196305  -0.25014628   0.66304471   0.65382776   0.66204352   0.65476171   0.42658248  -0.60928493   0.40859894   0.19921138  -0.25783007  -0.42918279  -0.19517763  -0.09664288  -0.82378835  -0.67668238   0.22144142  -0.28832254  -0.21875099   0.20166008   0.27244740   0.46802790  -0.52710078  -0.54195863   0.10262123   0.00000000   0.62576399   0.38374263   0.43135463  -0.31603691  -0.29396658  -0.31219520  -0.09181430  -0.11345185   0.44222372   0.81432195  -0.45196268  -0.38205852  -0.53673983  -0.02074909   0.23924327   0.65072468   0.70502363   0.53055879   0.58854184   0.68124678  -0.45072637  -0.68923603  -0.42185550   0.11472371  -0.09884437  -0.32441052  -0.34238670  -0.14034544  -0.77732486  -0.01565362   0.55044033   0.05696773   0.20316449
 -0.86529779   0.62478102  -0.17723773  -0.00874982  -0.89457423  -0.84274906  -0.40155588  -0.24554807  -0.04247622   0.13494700   0.81560025  -0.47147383  -0.10807869  -0.39992328  -0.73121163  -0.61749343  -0.23160615  -0.68665167   0.74212389   1.00000000   0.67308188   0.65585288   0.59703709  -0.58468878  -0.15638515  -0.35083502  -0.25530672  -0.49546109   0.08670388  -0.09354432  -0.87834594  -0.76223926  -0.24204828  -0.35375983  -0.54743342  -0.35054177   0.18134388   0.12765393  -0.62086699  -0.69998870  -0.25923302   0.00000000   0.64996779   0.50592110   0.68016175  -0.20490982  -0.49073299  -0.84542080  -0.26441251  -0.49709958   0.55734941   0.84401981  -0.67922145  -0.79740355  -0.57963215  -0.14175471  -0.15599376   0.70534848   0.88155876   0.65368053   0.74073665   0.76990951  -0.78194541  -0.88919021  -0.09167898   0.53177524  -0.02197201  -0.59093149  -0.24877200   0.21851412  -0.85856889  -0.11048781   0.41420447  -0.03572798  -0.09327418  -0.68504542   0.69987132  -0.22286885  -0.36501204  -0.65034441  -0.65213131  -0.40459156  -0.05135709  -0.16354951   0.27147781   0.72192541  -0.64940186  -0.45529440  -0.54421149  -0.63287780  -0.64179476  -0.16572231  -0.56897310   0.90108742   0.89219942   0.66026248   0.65353447   0.71329112  -0.79863942   0.59536713   0.22839505  -0.40574463  -0.69950610  -0.34860551  -0.22916094  -0.88684007  -0.84624420   0.03535280  -0.56671072  -0.54629307   0.10943243   0.12665690   0.51369688  -0.69190541  -0.79262586  -0.05535390   0.00000000   0.72035654   0.29860893   0.53108441  -0.49787200  -0.37033960  -0.48353014  -0.34023945  -0.38016130   0.68056933   0.87121463  -0.67650455  -0.46829532  -0.70068683   0.00302697   0.17635704   0.72783841   0.84595045   0.62808092   0.47638758   0.80915326  -0.51307313  -0.93299538  -0.51619168   0.01626088  -0.23145621  -0.56415201  -0.56011268  -0.12189950  -0.83042830   0.04550258   0.55539537   0.00315360  -0.00265006
