  1.00000000   0.49237201   0.32912059   0.38382154   0.80005039   0.68819702   0.42927243   0.52094513   0.60211302   0.55570809   0.42007911   0.36635646   0.65925858   0.43959051   0.62121943   0.64258406   0.31273411   0.23769992   0.04886225   0.10179552   0.58586111   0.66607298   0.54079524   0.81281849   0.47901266   0.45014481   0.44102960   0.38290800   0.41391774   0.60797301   0.23745597   0.09080357   0.30952743   0.37588583   0.01120315   0.29583278   0.67857312   0.55163664   0.52138898   0.24818753   0.50087535   0.00000000   0.21341250   0.42785724   0.50358904   0.52181046   0.49802131   0.27368004   0.19352714   0.24699710   0.59427824   0.11679793   0.63217422   0.60326454   0.46298008   0.50042637   0.43066193   0.31709414   0.28360300   0.58877424   0.42717697   0.47537579   0.57519829  -0.03931721   0.32247497   0.57793397   0.46891548   0.35085210   0.47236441   0.30282758   0.08319834   0.74146841   0.66830933   0.67175031   0.26008536   0.64666666   0.47645817   0.01621848   0.19904163   0.65465200   0.45522283   0.08703272   0.20957389   0.47112876   0.60386697   0.50755572   0.26447693   0.34438584   0.21622861   0.31926364   0.43880078  -0.04136728   0.11793543  -0.01362415   0.31891940   0.61233952   0.59237879   0.22307943   0.38268125   0.16519140   0.11919117   0.29991465   0.10726532   0.14236224   0.48316324  -0.14665798  -0.11731709   0.11079709   0.36791612  -0.18254902   0.28531540   0.36862712   0.28063082   0.24771452   0.31278742   0.23405080   0.00000000   0.12937878   0.06063294   0.49247910   0.33842522   0.28723118   0.37274214  -0.11026391   0.07146820   0.31650273   0.32676365   0.38230569   0.61529033   0.35439804   0.44998258   0.39961173   0.25812764   0.26327016   0.26354184   0.52969289   0.38966799   0.40059134  -0.06019161   0.30208358   0.45579855   0.38567186   0.19941846   0.23832898  -0.07602808  -0.06418490   0.52472251   0.21584908   0.35477150   0.13317855
  0.49237201   1.00000000  -0.00659491   0.20380018   0.47738017   0.42426391   0.28396134   0.41425737   0.47685293   0.59558324   0.61772092   0.23927379   0.20043106   0.22276906   0.44747786   0.44533529   0.08529623  -0.11115615   0.44407672   0.57598074   0.66506896   0.64997687   0.22207272   0.38454527   0.31657533   0.23296460   0.50981859   0.28673995   0.44411504   0.58989125   0.40878753   0.30000618   0.17852048   0.45666745   0.09275934   0.14595570   0.51908294   0.53801682   0.27111229   0.20878164   0.37934716   0.00000000   0.54325410   0.13281373   0.74873577   0.45814528   0.47674811   0.07399848   0.13712894   0.20115435   0.11033851   0.64166354   0.37986899   0.27200043   0.36829490   0.15775932   0.36780911   0.75887830   0.52425411   0.61503300   0.64621094   0.55552721   0.12153034   0.31021300   0.33172771   0.52544097   0.55981742   0.33042093   0.29991142   0.38607576   0.37160783   0.49373367   0.43338075   0.45505914   0.12138777   0.47092483   0.46219054   0.06955336   0.35086510   0.43015221   0.34611087   0.41697583   0.45307628   0.40858840   0.57857318   0.63604209   0.48575465   0.56206255   0.51833608   0.53590424   0.52980296   0.25620884   0.23329845   0.22070580   0.50931738   0.57204211   0.55488608   0.29386426   0.45896434   0.24242706   0.27106489   0.47964356   0.42205579   0.51281321   0.44312510   0.17518232   0.31218450   0.26571454   0.31413053  -0.05828095   0.35985779   0.50434421   0.54864653   0.43924684   0.52126694   0.36051696   0.00000000   0.59916316   0.09130417   0.69982898   0.55028663   0.47621952   0.08617158   0.22846923   0.33163277   0.32301012   0.72757000   0.53804244   0.52674655   0.45549071   0.26972147   0.36741805   0.42253794   0.36882821   0.57280673   0.61839176   0.51389097   0.39242885   0.31529356   0.40414288   0.35338409   0.52858440   0.31535216   0.41972121   0.39576541   0.20260372   0.41860918   0.47141210   0.25416432   0.30581810
  0.32912059  -0.00659491   1.00000000   0.07453432   0.20351529   0.22427088   0.21898238   0.24647612   0.21492822   0.19580519  -0.06571300   0.02950435   0.11458522   0.07065514   0.21284474   0.27293300   0.10607893  -0.07232711  -0.29053779  -0.44099115   0.04643111   0.23729284   0.25563338   0.33201893  -0.06444895   0.06338200  -0.06907291   0.43120102   0.15294678   0.05535174   0.10776950   0.07111413   0.11293572   0.04027031  -0.03286024   0.04938240   0.24249830   0.19409775  -0.07147497  -0.05701038   0.14401470   0.00000000  -0.04426469   0.23393934   0.08908267   0.25887305   0.26739358  -0.04968013   0.00581170  -0.12670661   0.34958527  -0.03274622   0.10803929   0.25945548   0.16701344   0.08120031  -0.02803014  -0.05417943  -0.18329123   0.12216771   0.06289181   0.15150185   0.03415856   0.13612801   0.22484805  -0.01053359   0.23213088   0.18999534   0.12011491   0.15866743   0.03898120   0.20450530   0.28073702   0.14273483   0.10042995   0.13156973   0.01916971  -0.03552661   0.06544153   0.25635764   0.16241630   0.00491181   0.05672025   0.16281774   0.11914350   0.03110847   0.01809125  -0.03250532  -0.05137849   0.02795682   0.18355627  -0.09299645  -0.15563481  -0.24448287  -0.05722620   0.10535803   0.18697937   0.00967278   0.06407022  -0.08717980   0.04423532  -0.09801601   0.02910142   0.02141212   0.05312762   0.09502068  -0.05519744  -0.03645449   0.03403041  -0.16190166   0.10557015   0.00618687  -0.11131829  -0.10720364  -0.00780404   0.10940630   0.00000000  -0.01504482  -0.02467691   0.01857178   0.15883761   0.18140997  -0.05921028  -0.15810856  -0.03071547   0.00435074  -0.04343341   0.04035203   0.20465582   0.09138205   0.12338627   0.02182119  -0.07892883  -0.17347756  -0.09904223   0.10877787   0.06334819  -0.06152123  -0.09500841   0.09187647  -0.06382772   0.07881747   0.18307744   0.07146654  -0.01677796   0.14670296   0.11419706  -0.21128648  -0.04274066  -0.05792467
  0.38382154   0.20380018   0.07453432   1.00000000   0.47909393   0.42757330   0.71806236   0.67835503   0.34043883   0.34227115   0.42814872   0.65026657   0.43328053   0.50349691   0.48270875   0.46750089   0.71462392   0.40362623   0.25323565   0.13952815   0.48542056   0.38081416   0.31971829   0.23801191   0.30933367   0.79848731   0.46691501   0.56389846   0.67173688   0.41210606  -0.30040403  -0.04449417   0.79719767   0.61136381   0.25266943   0.75549761   0.44047739   0.36110253   0.42826555   0.42716755   0.75765084   0.00000000   0.19497350   0.17541792   0.41769299   0.69794866   0.49923814   0.16387549   0.58695032   0.72163743   0.26552432   0.02944464   0.56816574   0.57602400   0.27843880   0.49851755   0.42948908   0.25589527   0.44209847   0.51847759   0.34825135   0.28881003   0.50605284  -0.32197744  -0.08004584   0.56352029   0.33029215   0.58299085   0.54345281   0.57216798  -0.33795898   0.31883725   0.58043030   0.46306890   0.77831465   0.17596628   0.28940435   0.05404065   0.68949405   0.33882197   0.25452100   0.43033359   0.48637719   0.36249911   0.46799112   0.40645152   0.47279886   0.05131219   0.07702776   0.24200830   0.36982335   0.23776168   0.31143685   0.21163701   0.20128922   0.46343207   0.54820738  -0.07646896   0.02004045   0.01202679   0.28774433   0.28688928   0.29775683   0.35261003   0.43515997  -0.35559184  -0.06571760   0.62190000   0.77550051   0.11150827   0.62188687   0.08399225   0.23698350   0.24382642   0.16495492   0.57032610   0.00000000  -0.02691352  -0.19383609   0.48943750   0.48549114   0.41915613   0.37034790   0.20478426   0.50360616  -0.01424756   0.24697933   0.38438521   0.52170298   0.28636557   0.24148260   0.28576835   0.45846996   0.35937018   0.35165739   0.38628346   0.28446736   0.16861595   0.00232652   0.08833860   0.57758055   0.32632127   0.30568986   0.30864199   0.13683136  -0.30130940   0.35505843   0.01234870   0.43155327   0.54285895
  0.80005039   0.47738017   0.20351529   0.47909393   1.00000000   0.81307365   0.59878430   0.69896664   0.72600082   0.76166860   0.50735051   0.46987293   0.55573333   0.42075301   0.75631795   0.76714704   0.33749733   0.21476278   0.23000275   0.26264161   0.68391659   0.70337189   0.51556617   0.52220401   0.63564842   0.58610754   0.61754220   0.52940693   0.59602258   0.73270793   0.08968403   0.09417179   0.38863546   0.56813937   0.01438116   0.37105893   0.64191251   0.61626641   0.48329443   0.35275978   0.60041388   0.00000000   0.28375868   0.30651192   0.61327859   0.64709265   0.68447792   0.23679069   0.24599753   0.36463208   0.37409984   0.20371990   0.67563720   0.72067824   0.66652076   0.60325143   0.50106259   0.39880353   0.37149775   0.68169309   0.56539412   0.51959287   0.44051320  -0.13454218   0.09142357   0.69654442   0.62678529   0.56490316   0.55994700   0.51101249  -0.04534889   0.80107653   0.62658180   0.75975592   0.32739716   0.52912802   0.48967194   0.10553686   0.32505202   0.74995524   0.57487565   0.28985027   0.42518719   0.60788137   0.77948373   0.64262479   0.34045784   0.36036405   0.27003331   0.42245095   0.64287835   0.04492325   0.10940098   0.09887280   0.49323726   0.65387588   0.69930582   0.19835661   0.25107884   0.30234570   0.20062463   0.46826687   0.34525782   0.35083560   0.56581350  -0.26325820  -0.03069191   0.31507084   0.57347663  -0.05955177   0.41507753   0.40375876   0.37424350   0.34158682   0.39822804   0.35714698   0.00000000   0.23850458   0.02975125   0.62056832   0.50321364   0.48394950   0.36301687  -0.00424176   0.21875414   0.18792901   0.41801396   0.49371865   0.71800023   0.53944476   0.46916421   0.45456035   0.38400859   0.37029827   0.38154491   0.55344863   0.48873095   0.29038882  -0.12367055   0.18022595   0.58259970   0.53947797   0.37316429   0.34887116   0.15630583  -0.21341063   0.66314163   0.23066437   0.46423753   0.34151121
  0.68819702   0.42426391   0.22427088   0.42757330   0.81307365   1.00000000   0.51370520   0.62447565   0.72283830   0.71199570   0.42435531   0.42406509   0.50510592   0.38927541   0.63615979   0.67368212   0.31224987   0.19087017   0.09490489   0.14122489   0.54095003   0.54495379   0.40845792   0.52941152   0.59134640   0.51624187   0.47386213   0.46990863   0.51803710   0.62651518   0.25307998   0.20157322   0.34402093   0.52713138   0.01660060   0.34212278   0.54504484   0.58285715   0.43542170   0.25176389   0.54469936   0.00000000   0.21937842   0.31848978   0.52315181   0.54850314   0.61879549   0.28193263   0.26438807   0.30635837   0.33797948   0.07953297   0.53316504   0.58337617   0.58622728   0.54683921   0.36310736   0.29507544   0.22585058   0.55262967   0.41981829   0.41108765   0.33793345   0.04548070   0.25989969   0.62555162   0.64623850   0.45096406   0.42836170   0.41805741   0.15971824   0.74097138   0.53568501   0.70805152   0.30760082   0.41073681   0.37629750  -0.00334234   0.35217838   0.66983354   0.64350505   0.29973907   0.41477200   0.63856177   0.71124502   0.49235794   0.32772368   0.36025315   0.24689903   0.39411858   0.61317517   0.02525978   0.06237129   0.12073697   0.36994682   0.48670866   0.55410541   0.18499198   0.31680837   0.37465528   0.26069374   0.38888686   0.28227071   0.31628821   0.53384363  -0.12557225   0.12937128   0.33771014   0.56779811  -0.08607960   0.45536726   0.25047429   0.46182385   0.33896636   0.36866074   0.37197509   0.00000000   0.18313369  -0.00968654   0.54500828   0.46158947   0.44592347   0.31469287   0.00198631   0.22844887   0.10697773   0.34051881   0.40762225   0.64977779   0.56459518   0.50906055   0.34132442   0.30655902   0.26487370   0.29297669   0.37203181   0.37079714   0.24604113  -0.05313623   0.28010682   0.50735343   0.49293407   0.30030361   0.32538093   0.16351202  -0.06438919   0.64539921   0.20243337   0.51801311   0.32104751
  0.42927243   0.28396134   0.21898238   0.71806236   0.59878430   0.51370520   1.00000000   0.82343341   0.40483438   0.59433402   0.38601875   0.54320057   0.38105380   0.39661681   0.74461633   0.73447944   0.51295353   0.31572513   0.26389414   0.06762003   0.52380887   0.51999429   0.31359684   0.19356068   0.28518932   0.67285112   0.54558158   0.70771904   0.72129139   0.50252832  -0.29037960   0.20485490   0.68638497   0.63682813   0.31460552   0.53328272   0.49280055   0.55465093   0.31427631   0.45941045   0.64908471   0.00000000   0.14236568   0.36364266   0.61556976   0.68012326   0.71960659   0.20602281   0.53844416   0.60418296   0.37001465   0.26188894   0.64872349   0.82164857   0.64249235   0.37715256   0.27960443   0.35576413   0.29731702   0.60607597   0.45079109   0.52775285   0.33923105  -0.31197513  -0.07728081   0.49405104   0.60286237   0.68737503   0.60995710   0.76715552  -0.35233796   0.42217715   0.63126466   0.52873559   0.64729196   0.13017096   0.23812303   0.04807760   0.41033609   0.50021484   0.37397802   0.59217149   0.64400592   0.43951071   0.65935622   0.44048144   0.31720692   0.10197809   0.09443830   0.29723565   0.63364030   0.35666058   0.40791751   0.03882417   0.22923191   0.44648082   0.53401469   0.19818714  -0.08165143  -0.01958490   0.18864176   0.35316986   0.41960352   0.40920040   0.40383130  -0.33962155   0.12191863   0.47022529   0.63168688   0.17819187   0.49955828   0.26936233   0.18599227   0.25962872   0.18262357   0.43447023   0.00000000   0.05996763   0.08055746   0.62982044   0.51789984   0.56815315   0.38553420   0.22006278   0.56319234   0.11281469   0.37347803   0.43650932   0.70274756   0.52640399   0.13980839   0.22147688   0.40924657   0.18105175   0.41453673   0.45923195   0.47629292   0.04292856  -0.00549426  -0.08945625   0.47270880   0.62529550   0.41272453   0.38434750   0.27811863  -0.28125209   0.41117255  -0.03276808   0.23532204   0.49276497
  0.52094513   0.41425737   0.24647612   0.67835503   0.69896664   0.62447565   0.82343341   1.00000000   0.64017870   0.65349434   0.50244680   0.65812260   0.46973588   0.50488289   0.79399066   0.78860203   0.50840950   0.29724211   0.26509055   0.21206372   0.70243061   0.63060111   0.44333745   0.27032579   0.46178362   0.70508863   0.68161701   0.80436733   0.85345802   0.66164160  -0.17757911   0.21082506   0.60248702   0.68416858   0.24136640   0.54813635   0.65064067   0.66107663   0.46223868   0.54009909   0.74750298   0.00000000   0.23912546   0.34375309   0.62223449   0.84130828   0.81014930   0.21395376   0.42883716   0.62571329   0.31788240   0.26970926   0.69364062   0.77555836   0.56544997   0.51174142   0.50143611   0.46610970   0.41697871   0.73608335   0.61521585   0.54905086   0.38165545  -0.19998714  -0.09039697   0.61697465   0.69567117   0.79649673   0.71478669   0.80691212  -0.23422562   0.59489780   0.71409874   0.67519784   0.57046738   0.27417177   0.48707780   0.22301475   0.50002184   0.59494043   0.49163425   0.60597112   0.73037891   0.64548609   0.68917491   0.59230751   0.52338404   0.32449734   0.27641961   0.52739947   0.75650817   0.32143994   0.38975688   0.20289482   0.48291316   0.63584320   0.68355577   0.22720169   0.15581266   0.21074564   0.36453782   0.58597573   0.62315651   0.57875595   0.61361284  -0.23288203   0.16389934   0.50883924   0.72924989   0.15620161   0.64647892   0.40295730   0.37723448   0.43684134   0.39547735   0.53991573   0.00000000   0.24177334   0.13606479   0.65017734   0.71663201   0.72756852   0.40949789   0.19086567   0.59705647   0.19400418   0.52475317   0.64338600   0.77228530   0.63123384   0.32488259   0.49185973   0.57162184   0.41008174   0.54623405   0.60821337   0.61096777   0.25759498   0.04236004   0.14980667   0.58976983   0.66348802   0.62874960   0.58033909   0.46905919  -0.17442717   0.61034213   0.16216550   0.39944202   0.51503223
  0.60211302   0.47685293   0.21492822   0.34043883   0.72600082   0.72283830   0.40483438   0.64017870   1.00000000   0.79054839   0.42571407   0.44164791   0.47516022   0.36218471   0.67055271   0.59661604   0.29068886   0.15022478   0.20482480   0.17870210   0.66146279   0.66207589   0.44394398   0.45423667   0.71779809   0.54142211   0.60930871   0.52678585   0.56575797   0.75111695   0.26786635   0.28618145   0.23103008   0.60421525  -0.05676379   0.27593255   0.58999492   0.63931383   0.46762644   0.24171575   0.59229127   0.00000000   0.34056796   0.26775903   0.52277392   0.62421437   0.68374915   0.18680378   0.09769882   0.24754642   0.15225258   0.16672252   0.51212554   0.44192741   0.51665610   0.63852082   0.58473642   0.37888032   0.27721510   0.61205613   0.55802958   0.51899220   0.28961418   0.15359326   0.16800913   0.64872323   0.76575822   0.57864767   0.48027347   0.42226638   0.21853198   0.86567387   0.50424029   0.75486931   0.20729151   0.53252773   0.56199721   0.24985284   0.40094564   0.75968123   0.59306346   0.29870292   0.49321468   0.92051587   0.76042265   0.60905672   0.47015374   0.53921761   0.43509793   0.66665925   0.70828905   0.06605478   0.02731686   0.26101418   0.56421176   0.61516265   0.66435395   0.18987042   0.51656493   0.65203795   0.43656706   0.61855470   0.50850356   0.54031254   0.66827816   0.11416777   0.24846270   0.29691511   0.48291062  -0.15718173   0.55841927   0.54107088   0.61147148   0.42895488   0.61900376   0.45899386   0.00000000   0.40567434   0.07605589   0.55324640   0.62532444   0.55843682   0.17193419  -0.04284335   0.24200045   0.20742226   0.44695320   0.57973123   0.66380385   0.67597702   0.61689500   0.63800083   0.37401561   0.40872643   0.38558617   0.57528382   0.54542012   0.39155930   0.13067351   0.45102627   0.60972114   0.61004169   0.54223078   0.54370973   0.38638252   0.17053075   0.86537585   0.43494939   0.58596836   0.34689342
  0.55570809   0.59558324   0.19580519   0.34227115   0.76166860   0.71199570   0.59433402   0.65349434   0.79054839   1.00000000   0.48572720   0.33129337   0.30908384   0.21055703   0.71694681   0.72118076   0.24451169   0.04931879   0.34244071   0.23064208   0.70772111   0.72194418   0.31754428   0.35568439   0.55236285   0.46680397   0.62129944   0.54944682   0.59157767   0.72244985   0.22479646   0.31795585   0.33285590   0.66176145   0.02382748   0.27095930   0.56963595   0.65514440   0.31839687   0.22682365   0.54902719   0.00000000   0.33217161   0.18740343   0.76769464   0.60541099   0.79393504   0.24239936   0.23626053   0.28495097   0.12519628   0.44275944   0.48664117   0.56373102   0.74570393   0.45932163   0.38226183   0.52523567   0.30913983   0.68004053   0.65152628   0.65290266   0.12303582   0.09806437   0.15570337   0.62032688   0.83289523   0.58318821   0.40597575   0.52548364   0.18370157   0.74772834   0.50552871   0.66892279   0.24822844   0.42331489   0.42194874   0.10151394   0.37252910   0.71196079   0.59927353   0.54335697   0.63235166   0.72936981   0.89698532   0.60661948   0.40537290   0.47476981   0.37208706   0.57792393   0.84360438   0.29973016   0.21591882   0.14664002   0.47424907   0.58406516   0.64016987   0.21611114   0.32310070   0.43189187   0.32543494   0.52885350   0.53163527   0.57079780   0.50729070   0.01806695   0.29346167   0.37728559   0.49742731  -0.04748300   0.52269543   0.50897863   0.54787298   0.41376928   0.51208492   0.51233674   0.00000000   0.41476686   0.03288833   0.75800667   0.63765815   0.61525064   0.26562100   0.17644615   0.39525769   0.18443832   0.54327146   0.50557669   0.76165580   0.77895099   0.41331403   0.41033496   0.36345145   0.27146003   0.53598500   0.60569738   0.62350235   0.23897997   0.13913204   0.30038851   0.48382230   0.76965387   0.46037358   0.45476812   0.42701788   0.04152023   0.67714412   0.38917986   0.41977696   0.47131986
  0.42007911   0.61772092  -0.06571300   0.42814872   0.50735051   0.42435531   0.38601875   0.50244680   0.42571407   0.48572720   1.00000000   0.29272746   0.31070569   0.30163884   0.42179320   0.36179207   0.26615778   0.20474978   0.43776441   0.76687545   0.76637174   0.70031021   0.35937634   0.39336846   0.44097246   0.46488530   0.67882838   0.25699944   0.41127165   0.75783760   0.16870737  -0.04148268   0.41199540   0.61660844   0.27089215   0.56288719   0.41610329   0.33207329   0.43400649   0.20025236   0.50346247   0.00000000   0.30063698   0.01476848   0.79825481   0.45866049   0.43132924   0.19109402   0.33224951   0.35202430   0.05725235   0.36385839   0.42254946   0.38975137   0.26617802   0.35255150   0.56553486   0.66031853   0.85645797   0.70904727   0.51150054   0.37040785   0.41415718   0.02482018   0.20186946   0.81324140   0.30529568   0.33307043   0.25499633   0.35404960   0.14195819   0.46756207   0.44824261   0.54674862   0.41252733   0.54451101   0.64508970   0.16419654   0.44674837   0.33257345   0.43396873   0.52164048   0.52542117   0.41140605   0.59917496   0.85458174   0.55987616   0.47074825   0.32830841   0.50922409   0.47192593   0.11431882   0.22448619   0.54454722   0.64062961   0.76900648   0.81048094   0.16570731   0.46497362   0.28448599   0.34128732   0.62026544   0.36774893   0.38792113   0.62700637   0.02471072   0.05721676   0.55103340   0.56143217   0.12128728   0.51158877   0.26344726   0.51293047   0.48644345   0.31714372   0.48190400   0.00000000   0.46575983  -0.04792423   0.80553018   0.46933834   0.42861590   0.26201276   0.32488809   0.26580587   0.35840270   0.70858294   0.54590615   0.60863402   0.46840722   0.35271904   0.50677642   0.68113235   0.75724026   0.66315054   0.64963407   0.40863991   0.49815203   0.32859679   0.42732597   0.65796212   0.33939485   0.26751865   0.40572629   0.27274829   0.07788717   0.48505639   0.42572226   0.61514782   0.35696751
  0.36635646   0.23927379   0.02950435   0.65026657   0.46987293   0.42406509   0.54320057   0.65812260   0.44164791   0.33129337   0.29272746   1.00000000   0.63318413   0.86556673   0.60492389   0.51885701   0.61725420   0.51627848   0.15048992   0.22407461   0.44581995   0.37611080   0.42312680   0.16459718   0.34523926   0.66499138   0.52109286   0.64965019   0.76597580   0.43738866  -0.27765296   0.17809422   0.40217612   0.42271208   0.01945400   0.40786886   0.57368053   0.50148034   0.65247254   0.79759801   0.68687170   0.00000000   0.14136618   0.32175862   0.31446562   0.70964816   0.53324307   0.21462047   0.28155221   0.79605424   0.27948268   0.10508267   0.72912231   0.51377104   0.31397402   0.46750824   0.55446672   0.38609865   0.40471427   0.50954110   0.47421701   0.39519800   0.59159786  -0.29904089  -0.21427588   0.43661669   0.43086709   0.68188322   0.86227425   0.67588024  -0.29278339   0.31613381   0.61200900   0.47369418   0.36217882   0.19994102   0.47982605   0.31484461   0.40928582   0.41796078   0.11402795   0.29107524   0.37906182   0.40375100   0.35483694   0.41895827   0.57543146   0.26183083   0.35213444   0.41039640   0.38682177   0.18171562   0.24184327   0.21674959   0.44421210   0.45042279   0.43652751   0.15061665   0.17343857   0.14192902   0.33720249   0.52758012   0.50697937   0.44790843   0.56464614  -0.18910531   0.13299530   0.25353404   0.53450800  -0.00442554   0.54664573   0.36397547   0.19659900   0.39251122   0.43492041   0.35542858   0.00000000   0.18387449   0.15892932   0.36887681   0.53496438   0.61542643   0.28535296  -0.05217232   0.51977471   0.10118355   0.36855648   0.56906995   0.39529218   0.29497367   0.22862282   0.50585595   0.50575225   0.44021171   0.33565561   0.43158128   0.47141265   0.32524974   0.01050144   0.18057897   0.49286393   0.33954359   0.59031779   0.60901293   0.36186356  -0.17237352   0.37969062   0.13310036   0.16429132   0.27289165
  0.65925858   0.20043106   0.11458522   0.43328053   0.55573333   0.50510592   0.38105380   0.46973588   0.47516022   0.30908384   0.31070569   0.63318413   1.00000000   0.78469071   0.57073036   0.57366062   0.43005327   0.43055492   0.07938561   0.10058189   0.44199068   0.33804218   0.44636582   0.61227786   0.52682660   0.49047750   0.39681899   0.37488930   0.41378818   0.40656246   0.02306335   0.07156648   0.39922959   0.44961019   0.24057825   0.44850162   0.63130233   0.61775978   0.77629451   0.48153966   0.48787806   0.00000000   0.04985860   0.49828844   0.32722017   0.39332408   0.31119570   0.29217355   0.41694795   0.39186177   0.54727540   0.07545727   0.67339876   0.40288151   0.40185195   0.52365062   0.46010913   0.26020945   0.35922239   0.50005725   0.38162525   0.36376700   0.77812241  -0.23826493   0.07837368   0.38072147   0.30235281   0.36523528   0.67234715   0.35322275  -0.07263664   0.45709280   0.70770388   0.68952538   0.38301815   0.33844899   0.34851819   0.17633109   0.14312854   0.33150672   0.16529731   0.00870522   0.19848600   0.32467950   0.39493760   0.27898508   0.31860981   0.30389151   0.27507937   0.18349941   0.26184787   0.09940068   0.21775626   0.09875935   0.18510882   0.41711777   0.38869055   0.29657509   0.31969189   0.07447154  -0.02939354   0.30871332   0.14072499   0.06592232   0.37669613  -0.09439639   0.01549240   0.20486557   0.35389778   0.04965999   0.21066177   0.20680749   0.23679719   0.27115911   0.29467522   0.21647217   0.00000000  -0.02696618   0.19754410   0.30548984   0.20816760   0.23872468   0.30260373   0.00910395   0.10513563   0.29797668   0.27114896   0.30688629   0.34822315   0.20476982   0.17607244   0.34278633   0.34833437   0.31331528   0.20795400   0.34264771   0.26433162   0.34092233   0.14143932   0.23954189   0.32169067   0.24053449   0.16888212   0.23047666  -0.07840070  -0.01038631   0.30158959   0.23562255   0.25934872   0.19394403
  0.43959051   0.22276906   0.07065514   0.50349691   0.42075301   0.38927541   0.39661681   0.50488289   0.36218471   0.21055703   0.30163884   0.86556673   0.78469071   1.00000000   0.51009135   0.46729251   0.51902535   0.45365400   0.08661363   0.23307271   0.37512832   0.30128017   0.43172902   0.33226257   0.33366612   0.54027497   0.39689659   0.50966289   0.58593434   0.37121644  -0.15142594   0.07720444   0.36522759   0.35248432   0.11182186   0.41939188   0.55181538   0.50745227   0.69367163   0.75937257   0.58204682   0.00000000   0.08795564   0.40314106   0.26896532   0.50226260   0.33796851   0.23829337   0.34827662   0.60921418   0.42211429   0.08885446   0.66797739   0.36603477   0.25604862   0.42122120   0.48218589   0.35270569   0.41209095   0.46954915   0.36821470   0.31816318   0.71113031  -0.27346925  -0.08836577   0.36639664   0.27052484   0.48695998   0.77530423   0.48485895  -0.22414604   0.29576269   0.63750515   0.50543491   0.35378376   0.19436147   0.43683475   0.25982630   0.26212272   0.24924576   0.03137326   0.10703255   0.21745251   0.26235264   0.26045028   0.33119831   0.46498022   0.26185758   0.33772669   0.25829281   0.22912559   0.16527654   0.21097612   0.18084259   0.31180300   0.39080696   0.36343425   0.30318301   0.23349783   0.03698359   0.15532796   0.40450350   0.30169063   0.22280437   0.48962221  -0.12404240   0.09139237   0.21654880   0.42060213   0.03349415   0.37589322   0.25373501   0.22624410   0.33819201   0.34852536   0.26286414   0.00000000   0.11095007   0.22427412   0.28987552   0.31153562   0.42690183   0.20579616  -0.02455868   0.28533894   0.22417187   0.36290557   0.43599733   0.27571671   0.12399477   0.17111846   0.40345893   0.44013758   0.40685835   0.25552029   0.35469491   0.31717210   0.29609842   0.12995497   0.20146841   0.37593586   0.16151926   0.36188555   0.42875761   0.13790591  -0.06957812   0.26615926   0.20056695   0.16708829   0.20155180
  0.62121943   0.44747786   0.21284474   0.48270875   0.75631795   0.63615979   0.74461633   0.79399066   0.67055271   0.71694681   0.42179320   0.60492389   0.57073036   0.51009135   1.00000000   0.87965869   0.41486170   0.25691395   0.22215956   0.18126281   0.66193149   0.64228531   0.48743340   0.36937086   0.60787025   0.61223439   0.70252840   0.74085435   0.78614468   0.70275943  -0.08601617   0.21240024   0.45029736   0.61405727   0.15281814   0.36384032   0.75894558   0.78648772   0.47787059   0.44730033   0.62191565   0.00000000   0.18791788   0.46041279   0.60304320   0.73545751   0.76526017   0.12224525   0.30123539   0.48576042   0.42118999   0.31949868   0.84796136   0.81620736   0.80594482   0.58690676   0.53274212   0.51588764   0.36867650   0.70039929   0.65273230   0.61365024   0.47050574  -0.21113839  -0.04568415   0.55747300   0.68117323   0.73628253   0.77814782   0.81419199  -0.20607209   0.69006922   0.77298319   0.78923881   0.38702732   0.25086426   0.43705901   0.21827224   0.20854830   0.59777353   0.43925755   0.39509598   0.51563119   0.60743963   0.68068284   0.55623797   0.30719527   0.26149064   0.19397501   0.53701001   0.70837671   0.19307796   0.19246977   0.03512178   0.44290042   0.57922519   0.59486033   0.28883101   0.15216970   0.19138009   0.16924188   0.55760986   0.53304785   0.48355399   0.55391160  -0.22587767   0.14949992   0.23331862   0.50484659   0.00778100   0.37321592   0.51045762   0.27340806   0.23906756   0.38920974   0.29076972   0.00000000   0.22797400   0.23291799   0.57022593   0.55495237   0.61749546   0.34127024  -0.02452231   0.35017094   0.21297245   0.48961222   0.58851554   0.78305881   0.66781735   0.26787347   0.48650513   0.42886047   0.31298644   0.40771861   0.57706066   0.58396117   0.21842176  -0.02472545   0.07649035   0.48008383   0.62084617   0.52715958   0.49133899   0.31287812  -0.15614896   0.58539981   0.17027398   0.22679000   0.31498756
  0.64258406   0.44533529   0.27293300   0.46750089   0.76714704   0.67368212   0.73447944   0.78860203   0.59661604   0.72118076   0.36179207   0.51885701   0.57366062   0.46729251   0.87965869   1.00000000   0.28092669   0.10555465   0.19551354   0.12617014   0.58383820   0.53434746   0.32158109   0.34474651   0.49294158   0.46968117   0.50188727   0.66738735   0.72181686   0.53458323  -0.10414988   0.14964450   0.51769222   0.58873300   0.22209093   0.36189713   0.73293305   0.82141467   0.46691550   0.48122879   0.54654694   0.00000000   0.18433316   0.45249701   0.64702582   0.64251398   0.69300423   0.19396776   0.41152532   0.43033990   0.47873812   0.42034262   0.70298715   0.75864917   0.84151167   0.47801191   0.25779346   0.47927149   0.26681603   0.63796202   0.59503914   0.54462772   0.33954245  -0.26132394  -0.08021429   0.42761725   0.68209684   0.59009479   0.68760457   0.73027317  -0.23033135   0.65802773   0.74935675   0.77575028   0.42870322   0.15507968   0.24105455   0.15334407   0.18159234   0.50316926   0.38820922   0.35820518   0.51724065   0.49663992   0.69468727   0.39360562   0.20298791   0.21494977   0.12915631   0.31647833   0.72946887   0.34466971   0.31670411  -0.14201620   0.23743687   0.45464090   0.46494365   0.28288056  -0.01028259   0.01947479  -0.04985228   0.32546356   0.41548860   0.35379821   0.33205556  -0.34853221   0.09771593   0.26433502   0.54938521   0.15177002   0.24898975   0.36885101   0.28398859   0.23079207   0.29946117   0.31603010   0.00000000   0.13347489   0.18859035   0.61117122   0.47452916   0.50479654   0.41152004   0.13411040   0.41088649   0.16347122   0.49815172   0.37424457   0.71383094   0.58467392   0.11619800   0.21816251   0.30929269   0.12276394   0.39734006   0.48486378   0.50643996   0.07895373  -0.06227630  -0.04113254   0.27678017   0.67484520   0.33297790   0.27571370   0.21602729  -0.28072260   0.43834600   0.13978390   0.16210176   0.36600623
  0.31273411   0.08529623   0.10607893   0.71462392   0.33749733   0.31224987   0.51295353   0.50840950   0.29068886   0.24451169   0.26615778   0.61725420   0.43005327   0.51902535   0.41486170   0.28092669   1.00000000   0.67549165   0.04822604   0.03971903   0.33423030   0.32314018   0.39644601   0.25992854   0.29324625   0.67073659   0.42639538   0.53331226   0.53438793   0.37729561  -0.21734785   0.13081686   0.47577866   0.43231379   0.13043630   0.52539381   0.30065886   0.21017465   0.41496188   0.38610504   0.70969401   0.00000000   0.15574744   0.25112593   0.20358505   0.60147930   0.40606803   0.28100396   0.37608265   0.68278465   0.16367835  -0.16075512   0.53324879   0.45882846   0.14696575   0.45500512   0.49127801   0.08331317   0.25332786   0.35658446   0.23846247   0.22046346   0.54087035  -0.24647025  -0.03097023   0.46647613   0.22498019   0.56207191   0.51018663   0.47285661  -0.21951265   0.24532326   0.41958640   0.35131936   0.49341444   0.20773338   0.30121981   0.12114587   0.52516930   0.30968881   0.23066110   0.34258722   0.34146277   0.29493012   0.27218687   0.37746102   0.36256955   0.09279091   0.05070183   0.26015664   0.26236143   0.11357831   0.29280398   0.24734303   0.27252115   0.34393866   0.44626082   0.02317508   0.16372782   0.17201546   0.44372556   0.35083758   0.33993652   0.34100866   0.47585247  -0.12049866   0.00689675   0.40465330   0.48082287  -0.02770792   0.57974492   0.12113632   0.09262565   0.23148189   0.13433378   0.47802583   0.00000000   0.05690706  -0.05604656   0.24271638   0.44344621   0.37218147   0.29101442   0.04822929   0.39225827   0.11908632   0.05378022   0.38515022   0.36026519   0.23685489   0.30469597   0.37778363   0.31209277   0.31527799   0.12073027   0.27041983   0.12288080   0.28721760   0.06730044   0.22213043   0.55099490   0.15577314   0.37637274   0.32865853   0.18576275  -0.12443395   0.32290240  -0.01792589   0.35177639   0.33753257
  0.23769992  -0.11115615  -0.07232711   0.40362623   0.21476278   0.19087017   0.31572513   0.29724211   0.15022478   0.04931879   0.20474978   0.51627848   0.43055492   0.45365400   0.25691395   0.10555465   0.67549165   1.00000000  -0.12346386   0.04425167   0.19914599   0.22452040   0.35956469   0.18564752   0.20472336   0.50167367   0.35418192   0.24418562   0.26322864   0.30361249  -0.31318554   0.03319845   0.16532431   0.14930437   0.02326779   0.27853583   0.08656135  -0.04657612   0.45470981   0.31838806   0.47342308   0.00000000  -0.05504876   0.24444220   0.01507680   0.34699875   0.23755074   0.53612791   0.13167913   0.57311765   0.15381369  -0.40633900   0.45770618   0.40442265  -0.00224544   0.37015677   0.40843491  -0.13843002   0.14119634   0.20660344   0.01667936   0.04674412   0.67399801  -0.39510169  -0.14544435   0.37213303  -0.02940034   0.33109850   0.41600372   0.20712925  -0.27678268   0.13171230   0.20516557   0.18538129   0.18110864   0.29060488   0.33561652   0.16301424   0.24552111   0.25507851   0.13526113   0.19943042   0.13836947   0.15264983   0.10539723   0.33549760   0.26495550   0.14452605   0.04831756   0.18843728   0.11652247  -0.14087382   0.27354878   0.26195707   0.32160844   0.28064456   0.34128733   0.12368947   0.14057312   0.25280539   0.43268522   0.31624914   0.18006288   0.14033934   0.38994215  -0.19184659  -0.15661854   0.10144822   0.17090359  -0.02650479   0.41813843  -0.01302322  -0.15723057   0.26332857   0.10092768   0.23907321   0.00000000  -0.03761263   0.11538494   0.09138781   0.22902155   0.15292422   0.43199358  -0.15553360   0.26951807   0.24595807  -0.13021136   0.27664308   0.23223777   0.10165621   0.36044393   0.35816192   0.19005483   0.30170877  -0.04948486   0.08588994  -0.00805841   0.47670152  -0.10826441   0.07008906   0.49182763  -0.03237877   0.24285473   0.26861720   0.02888552  -0.20290093   0.21990914  -0.10800202   0.26768771  -0.01966772
  0.04886225   0.44407672  -0.29053779   0.25323565   0.23000275   0.09490489   0.26389414   0.26509055   0.20482480   0.34244071   0.43776441   0.15048992   0.07938561   0.08661363   0.22215956   0.19551354   0.04822604  -0.12346386   1.00000000   0.46049649   0.53874386   0.26938778  -0.09356616  -0.01432451   0.37683190   0.24148739   0.47343212   0.10144313   0.22032157   0.32542981   0.05731447   0.30332810   0.39946432   0.62515897   0.48290466   0.32343315   0.29660338   0.46756750   0.17628629   0.22848625   0.23054580   0.00000000   0.54037765   0.09036341   0.48739647   0.10891346   0.21399669  -0.03200025   0.49328975   0.20825143  -0.00735969   0.58180276   0.16114033   0.06985006   0.25178728   0.14264860   0.37444726   0.55856370   0.57177476   0.58654782   0.60987993   0.64855064   0.03084111   0.08159768  -0.00368586   0.33418685   0.32333447   0.24226764   0.18983927   0.28412877   0.10328638   0.15361993   0.29530868   0.35591188   0.37521264   0.10031679   0.31789373  -0.03697790   0.22489858   0.07524269   0.16292364   0.37571748   0.48430764   0.19007601   0.46371869   0.34996167   0.34786627   0.39207379   0.41987730   0.24327222   0.29444931   0.56763377   0.41353706   0.54735872   0.29961299   0.44499694   0.35623755   0.22280544   0.20263598   0.09737854   0.06630711   0.39530866   0.26033824   0.27160950   0.12692452   0.11441616   0.35119421   0.51986641   0.33383668   0.36074200   0.30932111   0.40399062   0.47794867   0.42296476   0.35031442   0.35925564   0.00000000   0.37688340   0.06033382   0.49498412   0.20217729   0.19931726   0.01077473   0.58814163   0.33078028   0.29787644   0.51505744   0.29498120   0.20132161   0.23003842  -0.13043311   0.31296652   0.65666786   0.51038025   0.72819515   0.55829105   0.56014210   0.10586139   0.47251811   0.22071769   0.32909978   0.47663057   0.18503000   0.28128011   0.28695349   0.16194319   0.12331207   0.54981754   0.25528550   0.57371429
  0.10179552   0.57598074  -0.44099115   0.13952815   0.26264161   0.14122489   0.06762003   0.21206372   0.17870210   0.23064208   0.76687545   0.22407461   0.10058189   0.23307271   0.18126281   0.12617014   0.03971903   0.04425167   0.46049649   1.00000000   0.50116532   0.42802212   0.09488599   0.06029736   0.20645485   0.15399872   0.46785184   0.02198569   0.28268658   0.49443726   0.15901044   0.00351841   0.07313352   0.33428756   0.12245703   0.21664535   0.21054723   0.15560187   0.28913779   0.26411015   0.23346657   0.00000000   0.35759597  -0.09647281   0.56932927   0.23570078   0.18266803   0.07371513   0.11443238   0.25774219  -0.17135221   0.42715543   0.21233657   0.11396351   0.05034041   0.05894469   0.36173619   0.67151125   0.74044926   0.40268128   0.36973377   0.16560189   0.16605230   0.07938262   0.03617070   0.50944333   0.15396701   0.12871642   0.14816594   0.19836001   0.16860269   0.19112826   0.13512215   0.23961379   0.08321540   0.34957655   0.46729557   0.22212362   0.28833570   0.10034280   0.21017428   0.33842212   0.34126538   0.15943764   0.31211704   0.65336944   0.46519492   0.41281615   0.38415750   0.38915813   0.24238416   0.18038036   0.22397925   0.45636705   0.62838373   0.47644388   0.47043809   0.16921778   0.33836044   0.22868882   0.23363147   0.50616949   0.35818240   0.37497333   0.39375728   0.08360975   0.17666608   0.32380472   0.34511569   0.17353100   0.28423840   0.27720355   0.42969315   0.44257304   0.35827790   0.29848664   0.00000000   0.59020588   0.10259630   0.55602075   0.35661429   0.32490634   0.09822419   0.30280539   0.22548084   0.25993725   0.65990169   0.43577152   0.28341861   0.23286620   0.15460483   0.34624878   0.48494401   0.62079052   0.53969527   0.43272920   0.28959415   0.37993972   0.33689969   0.30022189   0.38377765   0.22066871   0.17934287   0.31557870   0.33374389   0.07887196   0.25827917   0.44705042   0.31843661   0.24382428
