  1.00000000   0.62597375   0.64816320   0.49356831   0.77302277   0.73841296   0.69914791   0.61461720   0.59163342   0.61313293   0.38096117   0.70589856   0.77688882   0.81782066   0.91522299   0.80979571   0.60158081   0.54643533   0.52385995   0.46283491   0.68819364   0.47869570   0.52686325   0.83452201   0.77081967   0.70342770   0.71786804   0.66516740   0.65185423   0.71566256   0.79134680   0.31574253   0.75579547   0.65206968   0.33572258   0.56599211   0.79244835   0.78968029   0.77031870   0.67819636   0.75902647   0.00000000   0.54897251   0.46196731   0.33808611   0.67130405   0.67618444   0.52969871   0.67476786   0.51806619   0.54582250   0.38057458   0.82987740   0.83941944   0.86942697   0.81934385   0.79486691   0.52471140   0.53982108   0.64262862   0.71888296   0.41599883   0.69198878   0.80306664   0.79272208   0.55170362   0.68336257   0.71060551   0.81009651   0.70945857   0.79194893   0.73561926   0.70830340   0.77634287   0.69200509   0.62275189   0.52957964   0.57740798   0.11220440   0.46557180   0.44480909   0.45160892   0.45888968   0.54713919   0.50488168   0.36166671   0.22316220   0.21702308   0.25507280   0.39934538   0.62747843   0.35075324   0.27471601   0.39912188   0.45663207   0.48352525   0.42818298   0.29742261   0.52606783   0.46552531   0.29836318   0.52305188   0.28160390   0.32051200   0.65107832   0.73336896   0.30948583   0.35902715   0.39429394   0.21633039   0.33542701   0.48662251   0.40995031   0.21450002   0.33657557   0.33508045   0.00000000   0.40178711   0.31181345   0.30682359   0.37153459   0.52088596   0.35177058   0.38094241   0.11983397   0.25799469   0.32224848   0.42080306   0.45759852   0.53445866   0.43170424   0.59241171   0.35656159   0.46030549   0.34333438   0.45008331   0.38721656   0.51720257   0.39797492   0.43343263   0.46132799   0.51885521   0.42879891   0.32325929   0.37039474   0.61502703   0.47126315   0.36233923   0.40520230   0.34848652
  0.62597375   1.00000000   0.62056268   0.44172912   0.47006122   0.52038775   0.70064443   0.50778618   0.54833113   0.59255850   0.69763299   0.73181401   0.60927960   0.64555628   0.74118323   0.66721345   0.67677534   0.67363639   0.85788006   0.77540365   0.89696879   0.80622325   0.67737619   0.61884747   0.59954385   0.75370901   0.77844256   0.62259919   0.60448175   0.67874911   0.47018516   0.43083125   0.72266231   0.70601359   0.46220215   0.68118718   0.74190990   0.77406681   0.59462379   0.66861103   0.71533409   0.00000000   0.88681583   0.55137540   0.73482068   0.55479274   0.67519354   0.45443125   0.67405204   0.61952239   0.64146201   0.84736344   0.64351499   0.71482284   0.67457312   0.67229704   0.79683342   0.90405682   0.89113370   0.91082057   0.87084629   0.78929888   0.45490168   0.58755244   0.55952146   0.75032122   0.60384271   0.62991291   0.73476351   0.62226716   0.48157672   0.54016652   0.74455540   0.76199092   0.72843533   0.38894423   0.76192373   0.57003616   0.12663971   0.40510720   0.32940797   0.48209869   0.36281325   0.52470512   0.49957986   0.66363298   0.36993394   0.21494659   0.25373400   0.36399254   0.55077720   0.30026387   0.33379201   0.67138141   0.76981513   0.77018652   0.77775844   0.49317853   0.37989273   0.45264728   0.47158972   0.67485153   0.29328693   0.32334939   0.68733058   0.50476756   0.35338202   0.51937792   0.37496344   0.30516576   0.46537708   0.53502216   0.37996563   0.18537822   0.31053232   0.44317928   0.00000000   0.75161342   0.39141087   0.65264149   0.28816154   0.50876781   0.41513156   0.36839204   0.22277581   0.30239581   0.73925748   0.37471010   0.35860799   0.43919402   0.49085857   0.65560990   0.71818546   0.78823674   0.61065736   0.65960681   0.69343998   0.40990367   0.27143825   0.34882090   0.62768369   0.52789599   0.40730439   0.40359212   0.32953030   0.47115560   0.46720786   0.39225839   0.43870100   0.39918229
  0.64816320   0.62056268   1.00000000   0.50054746   0.74499016   0.80512744   0.85131093   0.83204980   0.74519471   0.71215178   0.47657088   0.58255636   0.44827535   0.65279505   0.71525283   0.89040394   0.67393772   0.56655475   0.31426233   0.59351141   0.73861172   0.56439030   0.57341962   0.53496762   0.58052838   0.58046757   0.86178365   0.74612795   0.63572871   0.89038551   0.55818624   0.38141209   0.51112954   0.54961402   0.23487863   0.41673808   0.51335961   0.56498756   0.69167958   0.75385939   0.52387027   0.00000000   0.43416704   0.42338531   0.35872806   0.73882517   0.86368615   0.62788959   0.56306281   0.56011474   0.17981714   0.31716978   0.76966541   0.78025865   0.76690541   0.65934455   0.77469786   0.40557551   0.51385045   0.54292390   0.53091332   0.40795089   0.78022941   0.49973773   0.70121050   0.61100665   0.79735502   0.77618386   0.60874003   0.62003952   0.73300734   0.79906886   0.31881835   0.63420518   0.53594484   0.77203938   0.80462991   0.94524292   0.63862001   0.62380218   0.79861323   0.83641159   0.85206965   0.74951538   0.72762247   0.62527262   0.73131064   0.61528039   0.71636769   0.79354198   0.91126091   0.64664013   0.56198661   0.68506820   0.67121487   0.76803072   0.60987654   0.58685099   0.71152735   0.77214032   0.75500101   0.89501260   0.78868688   0.82371706   0.87738233   0.60069707   0.39040947   0.73580189   0.80861346   0.65020232   0.81597829   0.84139389   0.77507228   0.62102485   0.74253548   0.77785294   0.00000000   0.47643499   0.68879316   0.52780363   0.81866168   0.90055442   0.68040199   0.74219613   0.63299468   0.61473693   0.42167124   0.82472126   0.80407278   0.83864839   0.74885239   0.88684505   0.38090162   0.70003822   0.75556967   0.79694814   0.72124699   0.73681672   0.62338286   0.71481785   0.76045162   0.76663406   0.84775723   0.81613644   0.83868408   0.61748766   0.73043644   0.75538192   0.78797922   0.72700675
  0.49356831   0.44172912   0.50054746   1.00000000   0.35845209   0.56800830   0.65693863   0.70200218   0.29529186   0.17748783   0.26807799   0.83239799   0.44243663   0.64556466   0.53584475   0.53160152   0.66854386   0.64186779   0.28259689   0.30546664   0.47849946   0.20236833   0.33460322   0.32592321   0.41091883   0.78255017   0.62624209   0.84490407   0.79950107   0.39610369   0.32923053   0.22421801   0.62081637   0.74756602   0.42332186   0.65249356   0.54072929   0.58972521   0.51908762   0.65648274   0.64749388   0.00000000   0.23788326   0.48928200   0.13529157   0.85102712   0.71622126   0.54040000   0.57439782   0.75913243   0.33614121   0.26039463   0.60724303   0.61051367   0.47721629   0.45854114   0.63056518   0.31644417   0.36990249   0.50087463   0.53960110   0.30060416   0.36897872   0.57598095   0.59239669   0.31361920   0.35535527   0.81079163   0.73219361   0.69498956   0.55175166   0.39736413   0.46808995   0.54377833   0.72161111   0.13822003   0.26135697   0.60988534   0.29032142  -0.09887367   0.23314621   0.42777093   0.47209162   0.21572441   0.27211352   0.26741566   0.20058607   0.00107077   0.08371647   0.07714379   0.34650594   0.36883907   0.27195729   0.11126072   0.30179997   0.24559620   0.25478181   0.12873228   0.10234787   0.16914342   0.28506168   0.46815624   0.40560909   0.45339676   0.39240175   0.32287756   0.24286475   0.18152550   0.22042811   0.13408494   0.25123331   0.27464877   0.10906548   0.12549640   0.24025514   0.23717197   0.00000000   0.03600686   0.20445341   0.15387460   0.47920318   0.52950930   0.31411134   0.17545864   0.20477562   0.07911304   0.07834921   0.18513399   0.14101527   0.19333418   0.20958021   0.41919266   0.01267667   0.27948415   0.26372731   0.19999661   0.27465319   0.14185862   0.07107664   0.07585381   0.29156054   0.25277293   0.46620098   0.26850795   0.33035887   0.28055913   0.17045298   0.14117103   0.12560699   0.12656804
  0.77302277   0.47006122   0.74499016   0.35845209   1.00000000   0.76010266   0.64333848   0.68597204   0.80438213   0.73709218   0.36446357   0.47917160   0.58293080   0.68881016   0.78644212   0.82354945   0.51538358   0.45448555   0.27508408   0.43169575   0.54225141   0.44657573   0.41776886   0.58119259   0.77756552   0.50468612   0.64327940   0.56112488   0.53187491   0.80650109   0.64010538   0.31876340   0.50074711   0.47222201   0.16706924   0.40643810   0.53818085   0.66945034   0.73582198   0.67224833   0.53573218   0.00000000   0.38392388   0.31531589   0.27761417   0.59664171   0.63326342   0.53909620   0.50715852   0.39818158   0.20375529   0.26900919   0.73894066   0.70112177   0.83346225   0.79168956   0.64819673   0.31092924   0.37460345   0.40182071   0.41915932   0.29139372   0.74820041   0.48629300   0.60264032   0.54115906   0.79482520   0.62230956   0.56205305   0.56287925   0.69454936   0.88469672   0.44635437   0.71322217   0.48242436   0.71121514   0.54309330   0.66471038   0.36543816   0.71393125   0.64218213   0.57028512   0.64849695   0.74141963   0.65193236   0.42704633   0.42572596   0.46083839   0.49090462   0.61370488   0.76905964   0.39588065   0.33218033   0.49418797   0.46329328   0.55030048   0.44949996   0.37942294   0.57808361   0.69736549   0.44969267   0.61382807   0.50827423   0.53598038   0.71623438   0.56843296   0.31412162   0.48938637   0.59622871   0.39244098   0.51907672   0.57008712   0.63584664   0.45378739   0.59744966   0.53641958   0.00000000   0.41882075   0.46186766   0.34997810   0.56708352   0.65343407   0.47556617   0.53622182   0.36570934   0.39790480   0.35337869   0.61241846   0.66406683   0.73502958   0.58226474   0.61701861   0.31722390   0.44734971   0.48581460   0.51332827   0.47354163   0.56227326   0.43155773   0.55962308   0.57156613   0.64082813   0.57632229   0.49193330   0.59967691   0.51162077   0.69822184   0.55418079   0.67392792   0.51891937
  0.73841296   0.52038775   0.80512744   0.56800830   0.76010266   1.00000000   0.85540315   0.82277218   0.77602017   0.70413371   0.50402735   0.70583980   0.49958342   0.69256384   0.75900601   0.81723208   0.67928428   0.61320077   0.27835923   0.56119118   0.67867669   0.56197053   0.48889169   0.49576829   0.63815596   0.70539456   0.75306765   0.68811459   0.62419380   0.83692851   0.59284992   0.32008646   0.69964307   0.60858973   0.24049587   0.49526026   0.54590265   0.62383365   0.65009958   0.77290191   0.67544230   0.00000000   0.35850003   0.37560362   0.40432121   0.69570112   0.82307671   0.56323868   0.68129370   0.68582240   0.30042985   0.32826202   0.77529676   0.83882550   0.76263680   0.74408989   0.69348950   0.33555651   0.47104900   0.44801131   0.49973502   0.43266969   0.66183972   0.61057560   0.73188303   0.64717558   0.85250852   0.73063332   0.68190736   0.61600322   0.88089670   0.78698339   0.35447994   0.66239494   0.65294890   0.64717599   0.53517682   0.73368358   0.38236421   0.53633135   0.73514161   0.76159080   0.67921513   0.78169932   0.74775388   0.58948692   0.53602728   0.43540884   0.53161705   0.66301828   0.80020023   0.52976953   0.45600465   0.45791959   0.55394531   0.56861944   0.57435530   0.42849667   0.53436269   0.70777487   0.62910559   0.74064262   0.54441567   0.59105291   0.81897399   0.56183457   0.34584492   0.56417900   0.62733365   0.44578905   0.61420963   0.62163776   0.60801429   0.47388141   0.66133499   0.59068839   0.00000000   0.30188103   0.53049031   0.51190291   0.59592879   0.76526622   0.58700649   0.58646636   0.48000185   0.39685324   0.28290478   0.67456676   0.70205909   0.73229014   0.72807142   0.70249932   0.20121885   0.50921363   0.50128533   0.55700187   0.59730258   0.59480530   0.43446591   0.52554711   0.69874380   0.75599985   0.63200306   0.60402022   0.60173964   0.68736688   0.72586394   0.54913729   0.65641475   0.51616601
  0.69914791   0.70064443   0.85131093   0.65693863   0.64333848   0.85540315   1.00000000   0.86559014   0.71544352   0.65923464   0.57729489   0.80771158   0.53384097   0.75051176   0.77140362   0.84630004   0.74734643   0.74957447   0.46454852   0.65162358   0.82459838   0.63136618   0.62756260   0.55283546   0.64992533   0.84216378   0.92211165   0.78788392   0.71166629   0.85290391   0.54297591   0.39651790   0.70972256   0.72640104   0.39764505   0.64076118   0.62000473   0.69811448   0.69415866   0.84554374   0.71528908   0.00000000   0.49897717   0.53966079   0.50900312   0.75624708   0.92296369   0.65619070   0.71488772   0.80513429   0.38366627   0.47077741   0.81235237   0.86227009   0.78007528   0.73906579   0.85199783   0.52298814   0.64202538   0.70016947   0.69093237   0.57151195   0.63365811   0.64151413   0.74791326   0.72373731   0.79224237   0.82759543   0.77717926   0.73321413   0.75615289   0.74978218   0.49406672   0.74487632   0.75345796   0.57684712   0.67369171   0.79881263   0.41516032   0.44018857   0.63987258   0.80741734   0.70042823   0.71095975   0.70345182   0.66060110   0.59546698   0.41347380   0.51171159   0.61131669   0.80057272   0.57440123   0.54726186   0.60130583   0.66147535   0.70421753   0.67473320   0.51057697   0.52881516   0.68036496   0.72459855   0.86466163   0.58294454   0.60793200   0.86668308   0.55993787   0.33530144   0.65446817   0.62387614   0.49160091   0.69372444   0.70143249   0.58774069   0.45821485   0.60825381   0.66164845   0.00000000   0.41383457   0.55919433   0.59868747   0.61053437   0.81726143   0.63142656   0.59793842   0.51754808   0.44187337   0.43866337   0.65798851   0.63180484   0.70403646   0.73803285   0.82942822   0.36705668   0.66652562   0.63933273   0.68387112   0.70309185   0.61492013   0.44821771   0.51541304   0.74100671   0.72868680   0.69541736   0.66893548   0.62344763   0.54830935   0.66925059   0.57468909   0.63872842   0.55539912
  0.61461720   0.50778618   0.83204980   0.70200218   0.68597204   0.82277218   0.86559014   1.00000000   0.72562377   0.52084962   0.35737412   0.70933866   0.49821838   0.76226725   0.68584250   0.82133192   0.62357062   0.58499751   0.28501904   0.46383233   0.59643539   0.36530287   0.39460395   0.45795739   0.63298969   0.71394899   0.81699513   0.84163090   0.75842478   0.75817217   0.54895577   0.24961418   0.56570186   0.64337851   0.21813866   0.51336932   0.49761765   0.61320086   0.72270253   0.82744585   0.60493351   0.00000000   0.30455806   0.39279753   0.22470134   0.85044564   0.90619717   0.64404540   0.53295339   0.69059711   0.16926297   0.22138014   0.78649467   0.70980080   0.70544716   0.68314434   0.77133943   0.35004476   0.45208929   0.49518788   0.48509639   0.28866876   0.72030465   0.58342094   0.75683578   0.54254819   0.70372491   0.87995219   0.68432116   0.70206936   0.76864478   0.77831788   0.34707269   0.66138762   0.66172171   0.55275303   0.59451663   0.85459303   0.52887824   0.38879797   0.66894616   0.74339401   0.83095218   0.65853771   0.62256321   0.49295700   0.54555860   0.40654417   0.54371692   0.58331544   0.75937278   0.52396673   0.44654527   0.47911644   0.54227503   0.55354791   0.45838622   0.39735902   0.48962745   0.63743275   0.64585827   0.77154781   0.72192484   0.71874697   0.73058568   0.52288602   0.28125184   0.56656367   0.61681781   0.45056082   0.63425392   0.61335886   0.58693514   0.49806781   0.64875323   0.62396186   0.00000000   0.27275136   0.54814555   0.36465128   0.77491824   0.87801184   0.57341968   0.55193444   0.51043473   0.42294726   0.27988508   0.65687477   0.60734077   0.64858376   0.66034773   0.75444473   0.22884421   0.55569390   0.61431691   0.53736571   0.57054430   0.59710746   0.41766420   0.50387061   0.63070787   0.59258955   0.79848193   0.65536581   0.72224128   0.50659055   0.61313382   0.55056184   0.62337210   0.52681107
  0.59163342   0.54833113   0.74519471   0.29529186   0.80438213   0.77602017   0.71544352   0.72562377   1.00000000   0.84231929   0.55012774   0.44883045   0.43985010   0.58315283   0.63572771   0.72875140   0.52657167   0.55219742   0.33678234   0.60418047   0.64388830   0.65881061   0.51890432   0.47686040   0.73750915   0.53496535   0.66594056   0.45910221   0.37433552   0.90317925   0.56020239   0.44893154   0.45640303   0.48130687   0.21902356   0.45494805   0.40075552   0.61813698   0.61979868   0.69663760   0.48286737   0.00000000   0.43865918   0.32583696   0.52379354   0.45979380   0.70452316   0.51255928   0.50111034   0.50524428   0.15815300   0.44316668   0.60353666   0.62482929   0.70376413   0.77256945   0.63696720   0.38371492   0.53557462   0.41938056   0.38966323   0.45592823   0.65811015   0.44036630   0.56032667   0.77595277   0.91137237   0.54755000   0.43031599   0.38410790   0.66834712   0.91150707   0.32131300   0.71103066   0.52194531   0.69118089   0.63850577   0.64160482   0.46032696   0.75989169   0.73517021   0.71387484   0.64659606   0.94548769   0.83890801   0.67130802   0.62287536   0.59929532   0.64789297   0.72717737   0.77330943   0.48782549   0.53858272   0.67960078   0.65029911   0.72362674   0.70253226   0.55569090   0.61065401   0.88263315   0.69892053   0.73248899   0.55785550   0.54690301   0.85093751   0.52894431   0.39471956   0.71675004   0.69243667   0.50963173   0.70130690   0.63132534   0.75139215   0.60092228   0.76049976   0.71935377   0.00000000   0.50223099   0.58350499   0.62745203   0.56624218   0.72539897   0.64178054   0.63460722   0.57245371   0.50400148   0.52545477   0.71872077   0.74228028   0.77976450   0.82117108   0.70694196   0.39950058   0.62712800   0.67987585   0.64840671   0.72545712   0.61885393   0.50142885   0.62790019   0.81708680   0.77939715   0.61350068   0.62994373   0.60998416   0.57744868   0.89795208   0.66829240   0.84954809   0.65804083
  0.61313293   0.59255850   0.71215178   0.17748783   0.73709218   0.70413371   0.65923464   0.52084962   0.84231929   1.00000000   0.61632584   0.42316082   0.39387123   0.50405364   0.64623159   0.72236053   0.59231861   0.57989455   0.36634719   0.63632760   0.73052756   0.77858227   0.70421021   0.51485544   0.63612038   0.44382564   0.61950651   0.35639983   0.30605196   0.89439079   0.53731090   0.50814619   0.52832133   0.42529090   0.26802455   0.41266334   0.44794691   0.58798983   0.53024012   0.63925952   0.50165318   0.00000000   0.53594955   0.39832726   0.65561376   0.37571892   0.62487572   0.46715455   0.58905138   0.43158661   0.27374188   0.51776233   0.59420573   0.66751543   0.72930685   0.67382034   0.59042512   0.40395423   0.55055381   0.47546942   0.49525227   0.63228709   0.59760867   0.39739570   0.48043129   0.82336732   0.88539439   0.43334777   0.42861153   0.35168793   0.59557318   0.82354245   0.35289043   0.66963773   0.44248250   0.70896205   0.66390390   0.57058866   0.37840349   0.74008693   0.67829448   0.68891266   0.54141896   0.85173884   0.89385679   0.65910211   0.59332269   0.57180221   0.60227645   0.68223713   0.74538871   0.49190289   0.52465666   0.68805985   0.61205169   0.77562089   0.76645156   0.61729910   0.61625973   0.74219227   0.60300184   0.65984819   0.42545101   0.46732526   0.83237238   0.51280354   0.40645665   0.67904854   0.68328651   0.54992579   0.66308445   0.63777762   0.69755092   0.51734907   0.64382833   0.67463315   0.00000000   0.58369436   0.56476646   0.71492241   0.44306705   0.61614111   0.58493280   0.66286550   0.53155154   0.49999115   0.56263737   0.67075445   0.71038308   0.74270315   0.68879532   0.65981230   0.44823191   0.62407924   0.64720783   0.70711155   0.75025628   0.59676726   0.52373187   0.64980710   0.81537949   0.84882161   0.48532452   0.57266820   0.52364027   0.56896400   0.79294098   0.63887669   0.77916939   0.67594567
  0.38096117   0.69763299   0.47657088   0.26807799   0.36446357   0.50402735   0.57729489   0.35737412   0.55012774   0.61632584   1.00000000   0.50355151   0.27019394   0.34397083   0.43492304   0.42910750   0.55461049   0.60705048   0.54746803   0.90833512   0.67711075   0.83614549   0.50624149   0.27924538   0.32426030   0.57090249   0.55154569   0.34112328   0.33209976   0.60581786   0.23003294   0.45780831   0.54877129   0.52252760   0.40235951   0.55692224   0.35096606   0.50475027   0.29474653   0.45702091   0.53215847   0.00000000   0.64807684   0.36413325   0.88000312   0.27608268   0.55076761   0.31508490   0.57822424   0.55194171   0.35799927   0.78526120   0.33020884   0.53035928   0.39528172   0.45876187   0.45626154   0.58350541   0.70906547   0.56296833   0.48803621   0.82980962   0.17605696   0.31221549   0.25329841   0.84892898   0.63022760   0.35870544   0.39840792   0.33188111   0.33929577   0.42398264   0.37250113   0.54107225   0.52489452   0.29507461   0.46387065   0.38996559   0.09107901   0.46112136   0.35348030   0.51073012   0.23428933   0.62116215   0.62984566   0.90250968   0.36486352   0.25882876   0.22823840   0.37444168   0.47587999   0.26457292   0.37474395   0.50116389   0.75778961   0.62804722   0.85679435   0.36431437   0.27116024   0.49044055   0.50565505   0.59720632   0.19292668   0.22700916   0.66244584   0.33840985   0.31192971   0.47081954   0.34770919   0.28867275   0.46387099   0.34873770   0.34184649   0.18667737   0.36821653   0.43911138   0.00000000   0.57889769   0.32008075   0.87495534   0.14779922   0.43607325   0.38699557   0.33775813   0.32272013   0.20308034   0.60102259   0.31426935   0.37710093   0.41022797   0.57095382   0.45850240   0.49242173   0.59068481   0.45738014   0.47493249   0.70466875   0.30512848   0.18830288   0.22400058   0.77872999   0.63070869   0.23858609   0.31398845   0.20462998   0.39408498   0.59997779   0.31546384   0.45698468   0.36380799
  0.70589856   0.73181401   0.58255636   0.83239799   0.47917160   0.70583980   0.80771158   0.70933866   0.44883045   0.42316082   0.50355151   1.00000000   0.63365532   0.81185140   0.78186816   0.67545654   0.73788883   0.74724922   0.59457613   0.56161950   0.74205751   0.54214904   0.54414569   0.54662350   0.60516168   0.93077180   0.78540589   0.82233850   0.82775360   0.58477230   0.46147738   0.25723879   0.85478333   0.82895389   0.49285219   0.74836705   0.74893147   0.79254477   0.64584945   0.81354312   0.86626499   0.00000000   0.56400469   0.61055055   0.48384254   0.80058991   0.79385298   0.57089659   0.75244058   0.89345560   0.61147927   0.56487734   0.79763259   0.81059931   0.67512550   0.67271824   0.79815966   0.63111275   0.65903185   0.76829150   0.81403406   0.58277460   0.44654757   0.69257363   0.67430932   0.58091144   0.55095857   0.80386970   0.92496072   0.78513598   0.64655770   0.50677966   0.71413219   0.74579511   0.86065990   0.24172606   0.44941169   0.57811104   0.07585009   0.12377875   0.26027497   0.47901801   0.40080338   0.39566144   0.42360758   0.44568803   0.21380631   0.00451944   0.10779131   0.18085318   0.46335652   0.30442014   0.25389091   0.32821912   0.50873757   0.46007163   0.52212941   0.27918195   0.17114311   0.29361599   0.36250770   0.58645780   0.26276706   0.31224698   0.57868209   0.41705377   0.24925064   0.29034540   0.24080348   0.12689250   0.30271378   0.35169351   0.16463076   0.09031574   0.27235751   0.26729379   0.00000000   0.32317898   0.23741833   0.41039933   0.32104010   0.53835534   0.34439499   0.21711913   0.15495600   0.10135679   0.35836649   0.26924085   0.22161363   0.31370697   0.37213879   0.53893204   0.31313687   0.47519127   0.34704449   0.36566252   0.44059112   0.26359676   0.08147260   0.13218065   0.44967558   0.42208947   0.38287187   0.29186550   0.26253825   0.37673720   0.32760661   0.16744391   0.22339018   0.17066428
  0.77688882   0.60927960   0.44827535   0.44243663   0.58293080   0.49958342   0.53384097   0.49821838   0.43985010   0.39387123   0.27019394   0.63365532   1.00000000   0.88159173   0.78813146   0.65372053   0.55168177   0.55467938   0.55917902   0.32236026   0.56968113   0.34301714   0.57483330   0.87226224   0.73320982   0.62651549   0.56871693   0.59543444   0.63630233   0.47240790   0.77457004   0.43647204   0.68370646   0.65486857   0.54991809   0.65116464   0.84889426   0.80849521   0.85993798   0.58932614   0.70341526   0.00000000   0.54232539   0.55224013   0.27999932   0.58052610   0.48073051   0.62205181   0.61522294   0.40096742   0.67973259   0.39874974   0.67897623   0.61265692   0.68863725   0.69165955   0.69761689   0.57828036   0.51883920   0.64215186   0.73524063   0.34852138   0.58289513   0.78274954   0.66970328   0.40788949   0.47061695   0.57332155   0.68145185   0.59380116   0.62893476   0.55547774   0.83613447   0.78133463   0.72970344   0.31598096   0.40881828   0.42933633   0.04185675   0.21365028   0.18423951   0.15988627   0.26664326   0.30569889   0.23245141   0.18965929   0.10494923   0.15346313   0.15621840   0.13955395   0.39634427   0.30124948   0.24941354   0.28703647   0.33163364   0.39530287   0.30186315   0.33261585   0.41240558   0.25597402   0.18023529   0.34944375   0.15446030   0.21084642   0.38039613   0.64236923   0.42286720   0.31913700   0.18567351   0.10823388   0.20881737   0.33781137   0.23016932   0.22441803   0.20669230   0.23657221   0.00000000   0.37940988   0.26120982   0.18687228   0.22866647   0.29920432   0.29347370   0.22092371   0.01088066   0.25336242   0.38353868   0.15228188   0.15601684   0.23424590   0.25149446   0.38779722   0.40809764   0.37478648   0.28526974   0.32236173   0.27791015   0.24922852   0.27896946   0.31132674   0.23934582   0.21910505   0.26394776   0.15553826   0.18430241   0.42833294   0.20314443   0.20376221   0.23558907   0.19402467
  0.81782066   0.64555628   0.65279505   0.64556466   0.68881016   0.69256384   0.75051176   0.76226725   0.58315283   0.50405364   0.34397083   0.81185140   0.88159173   1.00000000   0.86157330   0.80466519   0.63705199   0.63327547   0.52342585   0.43394763   0.65779869   0.41253337   0.60563514   0.78109831   0.79323401   0.75643973   0.74312509   0.77068290   0.76906143   0.64590704   0.73628760   0.35900386   0.73216071   0.72638454   0.48804198   0.66381234   0.79345946   0.82652354   0.91321217   0.83721432   0.78786587   0.00000000   0.52741375   0.61608396   0.31272332   0.77745919   0.72305371   0.71838639   0.64415084   0.63457265   0.53912657   0.37781827   0.87292789   0.74182439   0.79297007   0.78366017   0.82524513   0.55158131   0.55910332   0.66889116   0.76401728   0.37883733   0.68748148   0.76766095   0.76503003   0.51879936   0.61131847   0.77016871   0.83338901   0.71822183   0.73169861   0.69837218   0.74489499   0.82427373   0.77915816   0.42029177   0.52304429   0.64368322   0.22905360   0.28566913   0.37343287   0.42488699   0.51497552   0.44993465   0.41575940   0.32532522   0.28382287   0.25119395   0.31304181   0.30627809   0.56755928   0.40388751   0.33791154   0.39927900   0.45412064   0.49710622   0.40251637   0.38512561   0.43473141   0.41104686   0.37288944   0.54984825   0.38268945   0.42694659   0.55782234   0.61068784   0.37045582   0.43423672   0.36420768   0.22231327   0.38269225   0.46233878   0.35531429   0.32483804   0.41408813   0.39444049   0.00000000   0.38054084   0.36437844   0.27961980   0.46884675   0.56234671   0.41351147   0.34681980   0.20758843   0.29845311   0.36755638   0.38483721   0.33073708   0.41288920   0.41321731   0.57617221   0.37659002   0.47335497   0.41265962   0.42899018   0.40575564   0.40354884   0.31594492   0.37464230   0.41358045   0.38132980   0.48856336   0.37042470   0.41016995   0.41833964   0.36539573   0.32385570   0.37802613   0.32400474
  0.91522299   0.74118323   0.71525283   0.53584475   0.78644212   0.75900601   0.77140362   0.68584250   0.63572771   0.64623159   0.43492304   0.78186816   0.78813146   0.86157330   1.00000000   0.89115299   0.67958741   0.60868847   0.61400596   0.51810571   0.74925769   0.55501655   0.59313253   0.76716239   0.85769034   0.77474090   0.81615931   0.74954894   0.75759334   0.76917014   0.69992366   0.31501510   0.80125399   0.67216071   0.32917580   0.57497359   0.83520572   0.84347133   0.83129748   0.79552391   0.78216584   0.00000000   0.62248286   0.50542113   0.42268642   0.74282404   0.73341125   0.56404019   0.70613510   0.60382075   0.55258033   0.48192396   0.91499569   0.88181713   0.94558412   0.88320945   0.86476757   0.63783320   0.61405924   0.74719910   0.79656438   0.49409517   0.73704537   0.71937704   0.75133006   0.58780174   0.70327590   0.76901508   0.88868742   0.80462685   0.74163834   0.76379778   0.75802543   0.83072516   0.70153683   0.56529026   0.60125316   0.65168256   0.14256798   0.50034206   0.44866929   0.50112087   0.52864027   0.57783992   0.52655859   0.42339096   0.28519592   0.23154841   0.30480944   0.45210074   0.69591801   0.31882055   0.22049832   0.49205040   0.53606236   0.55903373   0.50175899   0.36797951   0.45863677   0.51929170   0.36395293   0.63404208   0.34813952   0.39933441   0.70584767   0.60828754   0.24801260   0.39259766   0.41036985   0.24727200   0.38756259   0.55361138   0.44269462   0.25873763   0.37128641   0.38044656   0.00000000   0.49633775   0.37488759   0.36969425   0.41814517   0.59701296   0.37580245   0.37948000   0.14934921   0.27237893   0.41826161   0.47350315   0.48274011   0.60193538   0.46835633   0.66637266   0.44524032   0.54561244   0.43261567   0.52618471   0.45342411   0.50073110   0.29735738   0.41703758   0.48508867   0.55056422   0.49124010   0.39400153   0.44339263   0.53349539   0.50209385   0.41187310   0.45166896   0.34676420
  0.80979571   0.66721345   0.89040394   0.53160152   0.82354945   0.81723208   0.84630004   0.82133192   0.72875140   0.72236053   0.42910750   0.67545654   0.65372053   0.80466519   0.89115299   1.00000000   0.74955498   0.62245570   0.46714895   0.51915312   0.74675715   0.51796185   0.61058087   0.67592500   0.75422276   0.69147439   0.87286297   0.78600585   0.74664205   0.86580816   0.72060737   0.42955913   0.67991261   0.64176201   0.27106126   0.52151779   0.67297776   0.72275879   0.82648944   0.82559115   0.68385523   0.00000000   0.53168696   0.45643795   0.33931199   0.80051500   0.84123902   0.65764793   0.68128121   0.55469795   0.32642044   0.36435654   0.87746182   0.85999638   0.94202955   0.81596439   0.85549834   0.51112534   0.53988429   0.63500719   0.66138290   0.41955414   0.83006494   0.65095545   0.79336578   0.59908207   0.78050531   0.83874138   0.75416939   0.79774919   0.81086606   0.86353433   0.51777564   0.77913809   0.62455172   0.74220190   0.73528644   0.85982330   0.49274126   0.58548813   0.72948047   0.75318074   0.81482446   0.70055960   0.65713332   0.51909156   0.58307664   0.50837934   0.59707094   0.69414490   0.90692574   0.58465509   0.45919918   0.61414892   0.60782331   0.69334689   0.53004351   0.49603276   0.66754133   0.68877939   0.62390995   0.81046250   0.66313825   0.70580450   0.82266103   0.69205803   0.39162479   0.63390448   0.70851268   0.54355009   0.68066328   0.75461331   0.70498473   0.52137876   0.61663890   0.67956937   0.00000000   0.52338175   0.61177720   0.42451300   0.72115228   0.83988064   0.56882030   0.67403465   0.47120220   0.52342470   0.43151899   0.71969038   0.72461622   0.80426316   0.65409700   0.83643166   0.43645287   0.66080173   0.65621917   0.69719307   0.61904050   0.69048504   0.56476104   0.65712494   0.65400589   0.72700758   0.77752252   0.68219163   0.76109392   0.63495688   0.65175811   0.67082338   0.70255194   0.63746260
  0.60158081   0.67677534   0.67393772   0.66854386   0.51538358   0.67928428   0.74734643   0.62357062   0.52657167   0.59231861   0.55461049   0.73788883   0.55168177   0.63705199   0.67958741   0.74955498   1.00000000   0.87664857   0.42943755   0.54078108   0.75957456   0.54818674   0.73109962   0.51609950   0.46769269   0.74829223   0.72725861   0.70370384   0.66798951   0.67464271   0.48272931   0.61027658   0.79747038   0.79106287   0.58126126   0.71708532   0.66146584   0.69390424   0.61306676   0.70899541   0.70520886   0.00000000   0.48368105   0.61447562   0.45502905   0.70627832   0.75603039   0.68061906   0.91079618   0.67426904   0.50888762   0.53392657   0.61911862   0.79017989   0.68196959   0.60217995   0.70215799   0.48865321   0.57162728   0.65680445   0.64964329   0.63093803   0.56600541   0.60659011   0.62960497   0.62371065   0.66480679   0.71425747   0.65049091   0.64967303   0.66161417   0.60174514   0.50894818   0.72248992   0.71090580   0.51052044   0.56203150   0.67350211   0.41331625   0.28252177   0.55552395   0.67024060   0.59754114   0.54756751   0.53704790   0.56281181   0.52485150   0.36246295   0.41977934   0.45742923   0.66554599   0.66434013   0.55899043   0.43274007   0.52335712   0.62714861   0.57968982   0.54632442   0.50529715   0.46316561   0.56592971   0.68644611   0.47081973   0.55305692   0.69594118   0.53650843   0.56409727   0.54853583   0.54350928   0.56779226   0.58118234   0.59513832   0.50868449   0.40942075   0.44765572   0.58775355   0.00000000   0.38750917   0.59871800   0.50848116   0.51007913   0.67064645   0.57031354   0.61712409   0.47542577   0.50220703   0.42354888   0.45219094   0.52087838   0.52032130   0.53735021   0.64241254   0.30022285   0.57140744   0.58394139   0.59343810   0.64751066   0.45787842   0.45015921   0.46934068   0.63950087   0.69522729   0.56909764   0.52367103   0.50380901   0.57598438   0.52136209   0.52913425   0.52627072   0.55559773
  0.54643533   0.67363639   0.56655475   0.64186779   0.45448555   0.61320077   0.74957447   0.58499751   0.55219742   0.57989455   0.60705048   0.74724922   0.55467938   0.63327547   0.60868847   0.62245570   0.87664857   1.00000000   0.44107395   0.59495438   0.75969064   0.58503966   0.72634950   0.50585727   0.50815826   0.77142188   0.68745866   0.57478958   0.54400395   0.64632939   0.41909440   0.71428241   0.70023780   0.80305055   0.67628384   0.82938100   0.64758904   0.72049598   0.59360404   0.74685258   0.65699810   0.00000000   0.49644810   0.59738234   0.55631961   0.56871751   0.71046754   0.74199581   0.81938322   0.75436054   0.51868763   0.57863426   0.57282198   0.73139151   0.60378036   0.60219865   0.69157952   0.48754713   0.61889783   0.66946695   0.67128113   0.68348082   0.48126924   0.59724264   0.57453179   0.69917301   0.65833404   0.60039932   0.60840570   0.51642006   0.56152641   0.57658497   0.55171366   0.75503819   0.74995339   0.39842780   0.48951486   0.54984754   0.33939910   0.22436280   0.43865326   0.59666250   0.45431328   0.51554880   0.54895703   0.59091049   0.49221162   0.30747277   0.34458237   0.35413230   0.52644134   0.59098761   0.61629171   0.43065359   0.50956477   0.62043805   0.63450434   0.50125955   0.39524752   0.46376886   0.56331103   0.63486974   0.36863603   0.43188954   0.65150008   0.48973528   0.59735620   0.56195863   0.46725048   0.47639284   0.55094438   0.50327193   0.41750988   0.37112154   0.42853379   0.57217297   0.00000000   0.36084229   0.49948521   0.57470904   0.38649832   0.54399600   0.57983718   0.51766913   0.48249816   0.39443455   0.44838940   0.36841435   0.40572191   0.41219595   0.53918327   0.58230126   0.32043456   0.54019444   0.53004362   0.54851526   0.64691231   0.34425674   0.35124496   0.35148190   0.64628245   0.61552555   0.44753550   0.44832827   0.36634825   0.47727731   0.47663677   0.44424563   0.48034279   0.50586604
  0.52385995   0.85788006   0.31426233   0.28259689   0.27508408   0.27835923   0.46454852   0.28501904   0.33678234   0.36634719   0.54746803   0.59457613   0.55917902   0.52342585   0.61400596   0.46714895   0.42943755   0.44107395   1.00000000   0.65321469   0.67107474   0.65443875   0.46247438   0.56031165   0.53173837   0.64279885   0.60221526   0.43832515   0.49126906   0.44124626   0.44152597   0.28007781   0.60091782   0.52723588   0.32694629   0.54701321   0.60143520   0.63883311   0.42748890   0.44264523   0.63557274   0.00000000   0.90666947   0.37463226   0.64063108   0.36853422   0.45079013   0.23636076   0.49327277   0.43598923   0.58971954   0.80798080   0.49990347   0.45998857   0.54625379   0.57352661   0.66683940   0.96984205   0.85698541   0.85137842   0.78374080   0.61505719   0.20636913   0.51117643   0.41057682   0.56507823   0.35370473   0.46244821   0.65235500   0.57861358   0.29751574   0.36314780   0.73663010   0.61417689   0.57981347   0.13845012   0.58340292   0.26923788  -0.15862959   0.27479013   0.02964093   0.20995388   0.09254933   0.29672129   0.25131963   0.44402042   0.09509159   0.01068257   0.00299515   0.08535549   0.29855944   0.04330537   0.09096196   0.58207757   0.71003911   0.54004967   0.57706332   0.17881032   0.15889982   0.22153589   0.23217225   0.43338314   0.00132887  -0.00156107   0.43962572   0.42284893   0.17347563   0.25491516   0.07557470  -0.03393209   0.17676669   0.23127535   0.09563207  -0.04297989   0.07420308   0.15934166   0.00000000   0.76666120   0.03495376   0.44709120  -0.00461212   0.25028663   0.15150437   0.07070475  -0.05760482  -0.00564711   0.70500915   0.11603396   0.06443691   0.21453715   0.25943692   0.44204947   0.79934329   0.68085520   0.40812752   0.38761818   0.41628304   0.19615218   0.04754049   0.10920174   0.35127186   0.27099162   0.14673111   0.13029287   0.05732154   0.28589179   0.24345301   0.07862950   0.16310484   0.12053465
  0.46283491   0.77540365   0.59351141   0.30546664   0.43169575   0.56119118   0.65162358   0.46383233   0.60418047   0.63632760   0.90833512   0.56161950   0.32236026   0.43394763   0.51810571   0.51915312   0.54078108   0.59495438   0.65321469   1.00000000   0.76725001   0.84975242   0.51851386   0.39951889   0.39483808   0.60941289   0.67689354   0.40946653   0.36813103   0.69804324   0.30698646   0.42296534   0.55415623   0.56160514   0.35535288   0.55949648   0.41828740   0.55598403   0.37328423   0.56666589   0.56861327   0.00000000   0.72964036   0.36853050   0.81405472   0.36551398   0.64345254   0.36250939   0.56592094   0.59252362   0.34422296   0.78162981   0.46302120   0.58489628   0.48276931   0.53717405   0.60628569   0.68516130   0.83892304   0.66827093   0.55755426   0.77920924   0.30975834   0.38870008   0.42794048   0.84067132   0.67056379   0.45765293   0.48943885   0.39593911   0.41841597   0.51423431   0.40588842   0.58018421   0.56827945   0.39737583   0.62885513   0.48123088   0.16173936   0.51445645   0.40828565   0.57826898   0.32893967   0.65822732   0.62862303   0.88690595   0.45148481   0.31076309   0.31878770   0.46290126   0.55386530   0.32984495   0.43147508   0.64295801   0.89488891   0.70914232   0.85776842   0.40127503   0.37427390   0.56210931   0.58131745   0.69273153   0.27895860   0.29363624   0.73322049   0.40657644   0.29855072   0.54540549   0.44104392   0.34295760   0.54376619   0.45643879   0.41641331   0.23330425   0.45898661   0.51499823   0.00000000   0.63603392   0.38559057   0.80648183   0.25548649   0.52935007   0.46397506   0.40434896   0.37453295   0.23876661   0.62682854   0.44257373   0.45587957   0.49500670   0.65265450   0.61031001   0.56484278   0.77022757   0.57489087   0.58229973   0.73504929   0.47827297   0.26123074   0.32317555   0.79349330   0.64262537   0.35393146   0.42109229   0.31785779   0.41776682   0.63225766   0.38831781   0.52366340   0.44158284
