  1.00000000   0.16746978  -0.07800989   0.12914808   0.80100145   0.56268527   0.25621811   0.27552332   0.35319166   0.25336933   0.20752621   0.40460375   0.51799064   0.54592451   0.69396212   0.37775200   0.28576347   0.27246888  -0.06268896  -0.04313034   0.23103184   0.24184522   0.35856870   0.74902245   0.19700008   0.17703605  -0.10033257   0.04663573   0.21471577   0.05463905   0.50581799   0.41092847   0.49852116   0.48273940   0.45701633   0.54096973   0.54504228   0.50033257   0.58875677  -0.02637279   0.38775043   0.00000000   0.15450435   0.52383338   0.28617009   0.18532498   0.02236740   0.53066447   0.45512658   0.02293287   0.56513359   0.23307841   0.49009591   0.44199357   0.33564406   0.52381254   0.12168686   0.06850659   0.12741550   0.19167885   0.50639365   0.40147808   0.60799561   0.61066437   0.68259598   0.21908968   0.51156668   0.14087567   0.23738923   0.15009787   0.71263374   0.09543306   0.67586217   0.56964339   0.54350731   0.64385101   0.04150634  -0.04765099  -0.06314934   0.59876214   0.24827445  -0.27456723  -0.09020220   0.24934094   0.07973718  -0.06487311  -0.09654096  -0.10956788  -0.10409430  -0.08753509   0.14231191   0.25626297   0.08745782  -0.16206101  -0.31218689   0.06748065   0.18310268   0.15658384   0.57695522  -0.01964283  -0.25163406  -0.30884737  -0.03137543  -0.34399197  -0.12673603   0.57031973   0.29835877   0.22370970   0.18350030   0.19813051  -0.09233339  -0.01731156  -0.02231848  -0.16171535  -0.17776841  -0.11244040   0.00000000  -0.05503185   0.33270483   0.14529368   0.01626990  -0.06698765   0.35659191   0.07216735  -0.25185079   0.03409513   0.05054241   0.09456375   0.06441429   0.02492540  -0.06602529  -0.04703220  -0.02649991  -0.02436660   0.02748408   0.11597193   0.09901640  -0.05770411   0.46076574   0.59427048  -0.07770733   0.04820618  -0.12038072  -0.16911002  -0.18492336   0.59449237   0.02462602   0.08882599  -0.02730450   0.12247890
  0.16746978   1.00000000   0.58136632   0.50821548  -0.05754768   0.29203530   0.63116374   0.64292060   0.30332613   0.48707972   0.77860949   0.55643673   0.31673515   0.43844673   0.42746848   0.44416187   0.51070305   0.50001004   0.86144670   0.76315186   0.94435303   0.88427415   0.63797059   0.25423476   0.40809585   0.56706086   0.65698783   0.51703232   0.65294762   0.64709265   0.13865841   0.23232933   0.53087801   0.65188487   0.39967083   0.57110569   0.56901088   0.69415144   0.27237543   0.50906864   0.62689262   0.00000000   0.85338910   0.46138036   0.83725951   0.60975958   0.74677845   0.28283390   0.56319085   0.57456087   0.47131409   0.76037708   0.56958844   0.53058548   0.28140208   0.24438048   0.62643442   0.90272170   0.84679512   0.71730304   0.72023751   0.80794096   0.19756570   0.15670876   0.29521759   0.77563892   0.49537595   0.78166696   0.73554022   0.77997867   0.09056264   0.64954451   0.59445941   0.68678317   0.62469786   0.37493564   0.78581065   0.49653056   0.24703421   0.25377564   0.30692795   0.49144211   0.40993108   0.25153056   0.53479897   0.72667526   0.39128632   0.37813753   0.31085354   0.43090448   0.60665502   0.29770474   0.34432799   0.53797201   0.55553732   0.81492065   0.79027269   0.58609580   0.27281795   0.29086821   0.30849127   0.54957840   0.35349604   0.21734333   0.72670845   0.05646652   0.18816883   0.50233336   0.49937908   0.45103269   0.46901196   0.53303386   0.34739002   0.37352527   0.34402851   0.42019579   0.00000000   0.82728523   0.33808104   0.74918700   0.40773135   0.57435613   0.47928035   0.34694456   0.45493998   0.34079597   0.62448696   0.37841487   0.51852904   0.34257996   0.41090782   0.60733949   0.63064324   0.67021154   0.50250286   0.63452603   0.64368541   0.39010500   0.07560377   0.27246856   0.70777982   0.39660981   0.45121641   0.52409665   0.54404411   0.15368543   0.45670783   0.33199771   0.49453008   0.42398880
 -0.07800989   0.58136632   1.00000000   0.52427761  -0.22589518   0.24151685   0.54548097   0.65830389   0.42447357   0.47011245   0.69096405   0.45617622   0.18633944   0.30240102   0.34261339   0.63023916   0.45117563   0.40846314   0.64960657   0.74617380   0.62730033   0.66913519   0.53935763  -0.01062592   0.50036000   0.64600852   0.72234996   0.79368206   0.61158436   0.72466807   0.03336150   0.14488640   0.32332664   0.39754596   0.17770157   0.22560308   0.24986499   0.41260226   0.14683941   0.53291146   0.59019641   0.00000000   0.56870462   0.32985852   0.61487845   0.69736407   0.79305523   0.08716680   0.30307383   0.67312739   0.15499823   0.54761017   0.46972004   0.44872704   0.44741345   0.35801333   0.65679589   0.65183569   0.55008336   0.50914261   0.43499295   0.53140955   0.08796197  -0.17479543   0.05042233   0.63692125   0.41264556   0.76705277   0.61561958   0.72872558  -0.15081693   0.70322904   0.29571781   0.44049391   0.33653231   0.27392879   0.50509388   0.55704769   0.36207651   0.13865796   0.38147649   0.64693134   0.69771366   0.42235454   0.52713307   0.69064058   0.49190694   0.38498067   0.50503892   0.57166447   0.73697685   0.32003693   0.36136049   0.53757468   0.56677446   0.54981462   0.57058864   0.52076317   0.15680923   0.49484493   0.58694370   0.60324446   0.59776421   0.51722799   0.67416944  -0.16932283   0.07050092   0.47300381   0.44307554   0.37733960   0.54337957   0.62841565   0.41307829   0.51622213   0.42710497   0.60840203   0.00000000   0.63546219   0.31977991   0.58728730   0.61443477   0.75977467   0.26271901   0.37210783   0.57288976   0.43539387   0.39972574   0.50218416   0.52172301   0.55321708   0.52729402   0.59683728   0.38194656   0.50721804   0.26507609   0.44880214   0.53150118   0.55365681  -0.13615098   0.09675820   0.64488511   0.58188147   0.69557957   0.58592053   0.66234940   0.09678448   0.61134045   0.40468867   0.46548505   0.41850302
  0.12914808   0.50821548   0.52427761   1.00000000  -0.12286362   0.31097370   0.81634407   0.67133393   0.12646590   0.12166339   0.46589554   0.77287829   0.39063219   0.62464852   0.40484864   0.40263058   0.59461851   0.63270067   0.47653931   0.53106628   0.48204605   0.42686024   0.33519940   0.28547198   0.23609776   0.62468015   0.32556675   0.67983291   0.82211634   0.31956374   0.39676120   0.14224763   0.52985088   0.57039565   0.29474415   0.46953409   0.32108702   0.48696623   0.31292807   0.79065935   0.68018593   0.00000000   0.43468883   0.38870592   0.48690043   0.84588906   0.57391547   0.23227549   0.49896382   0.87716895   0.37941934   0.45243356   0.55532356   0.53544999   0.18213380   0.18174834   0.36976347   0.51700662   0.36091648   0.49074103   0.39236595   0.51097593   0.20401100   0.29790007   0.42956828   0.44553903   0.33316608   0.59988924   0.67178790   0.58423951   0.14108189   0.30847039   0.45850817   0.42795955   0.55991750   0.29984085   0.21816646   0.40959171   0.54628666  -0.01432698  -0.01334873   0.40943110   0.43738152   0.16317982   0.07294091   0.24174248   0.18560123   0.12225522   0.13284392   0.21285631   0.35488456   0.23316695   0.24733109   0.05532457   0.20160027   0.27257655   0.33977303   0.19900445   0.11869363   0.08434579   0.23711190   0.20516258   0.34226110   0.15047362   0.32274931   0.07860225   0.11110458   0.28286357   0.18007756   0.06713769   0.29080066   0.17197603  -0.05583606   0.31260397   0.29356208   0.31545404   0.00000000   0.26957468   0.00083357   0.33879956   0.57311322   0.39692129   0.30607895   0.02725106   0.31021509  -0.01710216   0.25039814   0.13457483   0.33273368   0.08137100   0.34018463   0.19504673   0.20010834   0.10363306   0.10560475   0.09997986   0.11211916   0.23593386   0.16467358   0.10154379   0.31259522   0.08748679   0.27377383   0.14054427   0.24977023   0.09168890   0.30188227  -0.08726787   0.07452860   0.17896186
  0.80100145  -0.05754768  -0.22589518  -0.12286362   1.00000000   0.53679991   0.00904472   0.01963408   0.38922765   0.35704712   0.05823793   0.10452483   0.32294107   0.31480723   0.53146496   0.31501131   0.11295089   0.02727281  -0.26538153  -0.19962479   0.01078324   0.09781956   0.22275367   0.50649880   0.15870061  -0.14541530  -0.18071796  -0.10656003   0.05853475   0.00092915   0.48272735   0.46031992   0.31671171   0.24174298   0.31706786   0.23778829   0.31999977   0.22971081   0.38891921  -0.32949872   0.18090130   0.00000000  -0.03297508   0.27108118   0.09350893   0.01390040  -0.18862682   0.36153376   0.28352488  -0.23689207   0.36239829   0.06948533   0.24011685   0.24668702   0.34245117   0.34035529   0.00092721  -0.20138045  -0.07030877   0.03932401   0.30164844   0.16871089   0.38771313   0.54692876   0.52336257   0.07198442   0.45131741  -0.08253035  -0.00421344  -0.07903790   0.77666176   0.05140096   0.41216949   0.35660090   0.29291411   0.45671662  -0.03218896  -0.08848045  -0.15751802   0.65877708   0.30334485  -0.41122599  -0.17905733   0.32269805   0.20016435  -0.21333203  -0.25362555  -0.26917655  -0.15167172  -0.23273972   0.05277057   0.12670393  -0.09873998  -0.11820116  -0.34893215  -0.03614388   0.04722797   0.11300821   0.44596989  -0.02280584  -0.36487716  -0.30944560   0.01561437  -0.29565149  -0.19940211   0.46711990   0.30523692   0.14952035   0.08446989   0.09962417  -0.23505851  -0.04081036  -0.06150237  -0.30703190  -0.37652699  -0.25606833   0.00000000  -0.16945387   0.20793908   0.03975941  -0.03850997  -0.18363120   0.18117470   0.01486762  -0.41132662  -0.01085465  -0.03428680   0.02765304  -0.09421720   0.10923894  -0.30181618  -0.11289626  -0.11955736  -0.09378113   0.04308011   0.14942148   0.02373780  -0.23248133   0.41061345   0.46100084  -0.13958661   0.11283118  -0.14593573  -0.22976773  -0.27793633   0.43353366   0.01918911   0.11343583  -0.06009650   0.08289392
  0.56268527   0.29203530   0.24151685   0.31097370   0.53679991   1.00000000   0.43317065   0.51589600   0.62399147   0.44631346   0.47855121   0.38556529   0.62698469   0.54093199   0.66966472   0.74640841   0.46241403   0.50456845   0.14417399   0.32260466   0.37693094   0.40198712   0.43216014   0.55253522   0.27077458   0.31363152   0.02507261   0.24097557   0.43459342   0.22891525   0.56052644   0.53057156   0.58798523   0.57024893   0.50736592   0.53862585   0.37859842   0.60023604   0.59064265   0.22110638   0.59373131   0.00000000   0.30116036   0.56470089   0.46210718   0.39342847   0.37569985   0.69076771   0.55008990   0.28666393   0.50025003   0.38100470   0.41188934   0.63174639   0.39363170   0.52317964   0.10606435   0.22304334   0.17065106   0.36922046   0.39055271   0.45315415   0.47688699   0.47985766   0.57546340   0.38213712   0.72913501   0.29110319   0.28777056   0.31507674   0.70975806   0.39502449   0.54732137   0.61258615   0.58372513   0.48791972   0.16738620   0.24320206   0.06096917   0.62634298   0.60440551   0.08427836   0.26622458   0.53277535   0.26870827   0.22162167   0.00360808   0.20587417   0.03018734   0.01651435   0.54353229   0.33898356   0.29208858   0.02475605   0.02888261   0.22891618   0.35578200   0.24325857   0.49662069   0.16229014  -0.07102936  -0.11128167   0.17488332  -0.07428192   0.09111005   0.41366884   0.33158322   0.33849017   0.33202259   0.31811561   0.14121563   0.16775036   0.18556474   0.19823403   0.07757259   0.12936580   0.00000000   0.16264236   0.37085733   0.33775421   0.26203161   0.27393665   0.49905133   0.27987931  -0.01692111   0.15375629   0.26270610   0.11218614   0.30846980   0.12348914   0.11849677  -0.05152757   0.11896147   0.00867122   0.18940736   0.19198888   0.19673630   0.10825012   0.32867478   0.52006020   0.13729300   0.38748371   0.13369316  -0.05804802   0.03620983   0.55716848   0.38335754   0.06988623   0.26995502   0.27245562
  0.25621811   0.63116374   0.54548097   0.81634407   0.00904472   0.43317065   1.00000000   0.78110721   0.17016395   0.24815217   0.54449627   0.83154878   0.40542485   0.64749557   0.60586133   0.53894941   0.54410005   0.64411900   0.60772093   0.54130135   0.60701007   0.59381952   0.43446911   0.36928526   0.32605647   0.69146201   0.47351094   0.71872530   0.84806358   0.40424640   0.37337029   0.30127073   0.53159135   0.61748141   0.34646363   0.54050954   0.51263585   0.58013879   0.32005742   0.72921608   0.62556799   0.00000000   0.53754988   0.39978979   0.62179728   0.85935089   0.70982626   0.30281510   0.51450254   0.77572287   0.45410694   0.53069715   0.74565291   0.78239803   0.35466038   0.20263367   0.50997635   0.60716478   0.56936536   0.48801528   0.52537767   0.60880387   0.24506415   0.33040863   0.50407597   0.59242672   0.41181525   0.74880344   0.84605003   0.74051565   0.14496295   0.40891729   0.57774606   0.49848436   0.59899193   0.34081120   0.31103753   0.46233732   0.39921281   0.12695772   0.07672492   0.51233148   0.47001595   0.13092849   0.21075941   0.37771414   0.23800762   0.19202322   0.21099364   0.31234092   0.46783354   0.23830356   0.30339201   0.16711710   0.25658920   0.36301340   0.48722204   0.22247975   0.18010187   0.07804097   0.28072521   0.31418192   0.32559774   0.11603501   0.45563639   0.18416077   0.17448518   0.29962299   0.27511315   0.20243942   0.30836699   0.24749192  -0.00687002   0.38205073   0.28611057   0.34321714   0.00000000   0.38858302   0.03156304   0.47753750   0.55812186   0.49358923   0.37194517   0.08877176   0.41189267  -0.00347605   0.27892512   0.26788739   0.45938024   0.21121830   0.36155212   0.33207446   0.30049347   0.28400915   0.13906593   0.19194824   0.20312294   0.32831465   0.25547356   0.20925093   0.38569707   0.17655867   0.38545159   0.26659461   0.37975757   0.09362680   0.25743486  -0.02256053   0.09065757   0.18380779
  0.27552332   0.64292060   0.65830389   0.67133393   0.01963408   0.51589600   0.78110721   1.00000000   0.43065728   0.35330546   0.64179493   0.67920817   0.43311332   0.56591110   0.55126243   0.65243172   0.61676269   0.64837128   0.58640574   0.62673842   0.65926881   0.66084300   0.51360399   0.35071534   0.36956771   0.75519131   0.44526432   0.69233686   0.78525229   0.44288679   0.25942946   0.32423381   0.58116716   0.65657698   0.35217720   0.65612379   0.45648831   0.66018631   0.39112488   0.63401652   0.78906529   0.00000000   0.54163712   0.46174527   0.69941585   0.84226173   0.82469941   0.40076646   0.52105226   0.70646060   0.38018951   0.61199745   0.65575183   0.62928168   0.39258971   0.47201036   0.50925519   0.64110445   0.59416955   0.58358403   0.56377851   0.67386563   0.34873080   0.19686010   0.38108994   0.65177270   0.54012072   0.82944174   0.73281959   0.83581107   0.16222897   0.55053148   0.56558372   0.63994863   0.69707696   0.47219072   0.37921475   0.54599064   0.44952162   0.16761777   0.33578119   0.56247819   0.72103086   0.35595318   0.33430541   0.52712255   0.41861004   0.42322621   0.37323313   0.43044116   0.63303126   0.44360637   0.55958704   0.24898369   0.32466168   0.43544298   0.58271331   0.33657557   0.33962773   0.28611109   0.43978541   0.33935509   0.50212337   0.28239511   0.47164013   0.19770745   0.29122591   0.53513583   0.53964746   0.49073200   0.52998302   0.34106350   0.29137699   0.49704085   0.48308784   0.60963619   0.00000000   0.45788061   0.40103465   0.58021224   0.66662696   0.66656357   0.57874707   0.39010274   0.53123271   0.21359591   0.37207002   0.43140419   0.53002514   0.25380832   0.54280115   0.36618935   0.36927797   0.36766951   0.26187214   0.35240023   0.41334157   0.39964757   0.14982003   0.25916339   0.48018250   0.40092405   0.57636262   0.40176755   0.56237230   0.31645598   0.42993841   0.18556460   0.37427536   0.41802363
  0.35319166   0.30332613   0.42447357   0.12646590   0.38922765   0.62399147   0.17016395   0.43065728   1.00000000   0.71023915   0.37629855   0.27070166   0.36717263   0.41887077   0.52275784   0.68636186   0.28147771   0.27219936   0.29077841   0.31297598   0.39353284   0.41008580   0.58528958   0.25321864   0.73210198   0.40133462   0.27784078   0.25133949   0.22957995   0.50194156   0.14354851   0.41059951   0.37941771   0.39384665   0.24304144   0.32226710   0.40584108   0.55959637   0.44155642   0.10187210   0.51455319   0.00000000   0.29475335   0.37520484   0.41635317   0.28711034   0.41659533   0.38026371   0.28656683   0.21875633   0.25855630   0.41650692   0.43231236   0.27295246   0.72242933   0.67945320   0.50558773   0.28930555   0.22004451   0.39724102   0.47456467   0.46234838   0.49931243   0.02345720   0.27234015   0.46531278   0.84081632   0.37264780   0.25437657   0.30445864   0.33840818   0.77029011   0.48040215   0.68087690   0.42839584   0.43298667   0.23312100   0.36185576   0.09876643   0.60801100   0.66175038   0.08551888   0.36812778   0.87671088   0.62875725   0.34174773   0.23433011   0.25925523   0.38308826   0.26609731   0.57213017   0.32551358   0.36271655   0.29959421   0.13754149   0.30327765   0.37341728   0.48759255   0.39799372   0.56149516   0.15708473   0.21681297   0.32253730   0.17393451   0.32250112   0.06119715   0.14805230   0.52219357   0.45368768   0.43143608   0.23992191   0.41681725   0.41397960   0.18377434   0.19897407   0.31460073   0.00000000   0.34102511   0.46196593   0.32865691   0.29434513   0.36229434   0.38977608   0.42019198   0.16058450   0.44106572   0.31067192   0.47057777   0.29252098   0.54773579   0.17622777   0.37938017   0.15098164   0.20789166   0.27935224   0.38386386   0.44896066   0.31409506   0.02075174   0.32649196   0.30823194   0.70523841   0.40015285   0.29205798   0.23032245   0.35091726   0.68690152   0.48457016   0.48495070   0.46422143
  0.25336933   0.48707972   0.47011245   0.12166339   0.35704712   0.44631346   0.24815217   0.35330546   0.71023915   1.00000000   0.62258364   0.27158790   0.18860876   0.32588168   0.45074135   0.56056757   0.31488422   0.23416837   0.45252258   0.45980530   0.54016425   0.65993431   0.69263089   0.08075095   0.68006827   0.26361360   0.53594856   0.28648205   0.31054399   0.73524007   0.03448537   0.40296567   0.32113423   0.33603386   0.26064624   0.16973465   0.47175209   0.39006709   0.19608021   0.02070702   0.38849223   0.00000000   0.53543081   0.34279464   0.65468264   0.33260073   0.49326141   0.25071294   0.32373974   0.24284761   0.27304614   0.50184455   0.43848738   0.37000834   0.66462725   0.29387488   0.60973432   0.43185462   0.42699859   0.34423074   0.54494826   0.57758660   0.18626727  -0.02305573   0.24297461   0.67642484   0.72679146   0.47498431   0.37018918   0.35431006   0.20473042   0.76141342   0.42957697   0.55755928   0.36261715   0.27854024   0.49940034   0.41797775   0.09550925   0.56421916   0.53531683   0.18594513   0.30356510   0.66276504   0.90994037   0.55504817   0.24903969   0.14303280   0.39041256   0.28671370   0.54430769   0.28628021   0.22673358   0.54456385   0.32717441   0.55944736   0.61026825   0.68445481   0.28990651   0.45024920   0.18011514   0.44365865   0.40844713   0.21661560   0.56422017  -0.01055282   0.21733525   0.48341307   0.35848638   0.38443355   0.22176537   0.58507560   0.36553115   0.16753963   0.04551471   0.24902614   0.00000000   0.57075457   0.38459256   0.63157403   0.31422187   0.45778553   0.26704343   0.35943533   0.19484687   0.51585301   0.40924594   0.41870111   0.30748449   0.62490421   0.08543362   0.54234048   0.25497332   0.44627987   0.35970492   0.58573385   0.65147054   0.34582268   0.06983732   0.24135059   0.55550294   0.67290192   0.46597425   0.39260799   0.32725503   0.11507893   0.55493832   0.58861795   0.43419382   0.44044337
  0.20752621   0.77860949   0.69096405   0.46589554   0.05823793   0.47855121   0.54449627   0.64179493   0.37629855   0.62258364   1.00000000   0.42108441   0.30119558   0.36573172   0.45751264   0.64254889   0.51717833   0.46368528   0.64364538   0.88810643   0.80111470   0.90585848   0.62419929   0.13240404   0.36123088   0.48564853   0.61211663   0.51456287   0.61629668   0.71786060   0.15962986   0.24768272   0.46541704   0.54603784   0.36949435   0.44399632   0.33366172   0.55674556   0.28167096   0.39721240   0.66532898   0.00000000   0.73602556   0.47681560   0.91031057   0.60900026   0.76702311   0.37425288   0.50983110   0.57017604   0.33481225   0.74128595   0.45667361   0.62605170   0.30890765   0.33763390   0.49145168   0.76161378   0.71624596   0.61396257   0.56255606   0.74074249   0.14612022   0.07762591   0.23250013   0.83069911   0.50993264   0.70521329   0.57678186   0.70278357   0.19709181   0.65099750   0.44502573   0.61661670   0.53437202   0.38287110   0.75308676   0.48873295   0.28392727   0.31585264   0.47951785   0.50376848   0.54118298   0.36234359   0.59793495   0.83869662   0.34736887   0.36652052   0.29625160   0.39484420   0.75609813   0.35984670   0.28338853   0.58768795   0.67246313   0.79826084   0.87495757   0.63537828   0.29494757   0.39061252   0.35310298   0.49650977   0.51410782   0.34116201   0.66647033   0.06439302   0.26355098   0.54850370   0.53143915   0.50547803   0.52058083   0.53828136   0.43737544   0.40276193   0.28643274   0.48134057   0.00000000   0.76899991   0.48472204   0.89035986   0.52985487   0.69277377   0.45268676   0.44098349   0.40546155   0.42297138   0.67127125   0.32388206   0.55015976   0.35053937   0.41622038   0.47010053   0.62258084   0.64102907   0.51148488   0.62015600   0.72902992   0.35940630   0.04355317   0.27828930   0.78536862   0.48496044   0.51771066   0.42373823   0.57175195   0.31947857   0.54083920   0.34732343   0.56687872   0.48762399
  0.40460375   0.55643673   0.45617622   0.77287829   0.10452483   0.38556529   0.83154878   0.67920817   0.27070166   0.27158790   0.42108441   1.00000000   0.57280677   0.84790007   0.70006597   0.49044598   0.55978544   0.62932343   0.53765930   0.39656137   0.54934009   0.48802451   0.52635784   0.55302629   0.46668237   0.78182529   0.38541145   0.64409634   0.72995689   0.35086725   0.45053527   0.26334114   0.60209373   0.67211033   0.44523603   0.59064937   0.71940796   0.67834357   0.50020227   0.70936076   0.59850930   0.00000000   0.51600116   0.52963215   0.51594478   0.74363647   0.59143550   0.31998907   0.59289649   0.70201411   0.59350776   0.39620004   0.86277502   0.61985606   0.48082145   0.34260377   0.54563187   0.50960309   0.42640432   0.38058974   0.62125942   0.59184270   0.50647789   0.39674093   0.67466521   0.44843811   0.44073604   0.68852204   0.85517712   0.63843568   0.19735099   0.37883777   0.76846616   0.59984255   0.64891107   0.40718363   0.18071056   0.32883552   0.25642401   0.19235619  -0.01790696   0.25833274   0.29398694   0.15904581   0.19474146   0.22963903   0.20024989   0.05561650   0.20573773   0.24942876   0.33277092   0.25199518   0.27947149   0.03074925   0.00629519   0.24381278   0.32736594   0.26553110   0.26920946   0.05710724   0.19571851   0.14059123   0.14711311  -0.07533266   0.29382469   0.15811492   0.05960058   0.23244591   0.14236032   0.14810869   0.14622144   0.22484694  -0.07547139   0.22381898   0.18451701   0.17930051   0.00000000   0.25472638   0.07827048   0.31514744   0.37241801   0.33459925   0.36156779   0.00095547   0.24405082   0.00716433   0.06999341   0.32151713   0.27046235   0.20135642   0.30714760   0.30266832   0.04930179   0.11144038  -0.01700936   0.09141111   0.11845618   0.33625717   0.25934090   0.27338421   0.17294903   0.08165950   0.24354456   0.21801468   0.20544571   0.06643775   0.16026749   0.03499878  -0.03099155   0.10651458
  0.51799064   0.31673515   0.18633944   0.39063219   0.32294107   0.62698469   0.40542485   0.43311332   0.36717263   0.18860876   0.30119558   0.57280677   1.00000000   0.79186341   0.66198459   0.53661833   0.46460189   0.47873658   0.23727167   0.24696823   0.34399275   0.25644061   0.45417503   0.79480539   0.21937785   0.36410043  -0.03756778   0.30941940   0.38555923   0.00174965   0.68344596   0.45787218   0.69182046   0.70047014   0.59726547   0.63245965   0.59323147   0.69521335   0.88943592   0.39183622   0.64233764   0.00000000   0.38613899   0.67618108   0.29316773   0.38652003   0.25651758   0.54616061   0.65286905   0.22590042   0.70241073   0.24120370   0.48565826   0.39429117   0.26500510   0.52993314   0.13592843   0.26950032   0.14869918   0.36135127   0.47871226   0.41452522   0.59991781   0.66450483   0.75363138   0.18977335   0.48489066   0.31815514   0.39562369   0.31578251   0.60840905   0.20279406   0.70730946   0.66241084   0.63939268   0.39477817   0.03207895   0.13484061  -0.07082889   0.42384724   0.19261548  -0.10968891   0.01191343   0.19469691  -0.01614422   0.00370017  -0.11329547   0.09341428  -0.10465510  -0.16737884   0.23877787   0.15734421   0.12118874  -0.11954580  -0.10710743   0.10918718   0.12191130   0.17271997   0.45434048  -0.13103457  -0.24480390  -0.21820043  -0.03950791  -0.30919027  -0.08820538   0.45307497   0.25930770   0.18452049   0.14849403   0.16104426  -0.05257003   0.16099316  -0.02353136   0.02646284  -0.00134932  -0.03914918   0.00000000   0.04302028   0.21808359   0.09663063   0.07167036   0.07550214   0.38920481   0.02768130  -0.16898052   0.06341584   0.00791793  -0.01091000  -0.04303563  -0.13103838  -0.01781812  -0.13330090  -0.02098967  -0.06843794   0.10145103   0.05174875   0.00002518  -0.04177070   0.42760751   0.48294396  -0.08308678  -0.00711011  -0.03927939  -0.14659075  -0.12907335   0.34566169   0.03380345  -0.04801712   0.02897253   0.11423329
  0.54592451   0.43844673   0.30240102   0.62464852   0.31480723   0.54093199   0.64749557   0.56591110   0.41887077   0.32588168   0.36573172   0.84790007   0.79186341   1.00000000   0.78468147   0.53820282   0.55256122   0.61464370   0.40125286   0.32496505   0.43932261   0.37391929   0.56188908   0.67059244   0.49014393   0.61932077   0.17227803   0.51350964   0.59167256   0.19709316   0.60885813   0.39944849   0.67998790   0.72979984   0.54883322   0.63625105   0.74244082   0.76543430   0.74616509   0.54102070   0.65096165   0.00000000   0.43786326   0.60702558   0.42873975   0.61526726   0.38873144   0.47935766   0.67821153   0.49615539   0.68550883   0.34468790   0.80496880   0.51799842   0.51699338   0.47808430   0.41937712   0.37555094   0.28824464   0.41690528   0.64532974   0.54315626   0.64666191   0.54808791   0.75376481   0.34994216   0.54662137   0.51359398   0.68735354   0.44865967   0.45066472   0.34044634   0.82738082   0.72310722   0.68423826   0.37828065   0.06374472   0.23595255   0.08951252   0.35624819   0.05298890  -0.01800777   0.09035530   0.26740187   0.17596877   0.06679205  -0.03294749  -0.06396668   0.07742399  -0.01358923   0.25702797   0.20237076   0.15439756  -0.08752757  -0.10804799   0.13913473   0.21570859   0.23145122   0.28575470  -0.03815642  -0.08690386  -0.05857837   0.04304804  -0.24830894   0.07401432   0.23440885   0.10853737   0.17585629   0.09351306   0.12017067  -0.04998387   0.16085831  -0.13037349   0.05598923   0.01289555  -0.00446711   0.00000000   0.10506847   0.11263204   0.19641756   0.22469062   0.12341777   0.33493288  -0.03785696  -0.02039142  -0.03081789   0.02407598   0.17633634   0.06410898   0.10371718   0.04564890   0.10675350  -0.05988243  -0.02426821   0.05708391   0.06661872   0.04233838   0.12177889   0.29405074   0.30743694   0.01959279   0.03513605   0.07914346   0.02787289  -0.04024587   0.15308323   0.10283158   0.00553750  -0.04355483   0.06085592
  0.69396212   0.42746848   0.34261339   0.40484864   0.53146496   0.66966472   0.60586133   0.55126243   0.52275784   0.45074135   0.45751264   0.70006597   0.66198459   0.78468147   1.00000000   0.73638173   0.45923705   0.44699260   0.35731534   0.33113369   0.47600411   0.48482586   0.57084819   0.66320285   0.55450472   0.59247055   0.30052761   0.40636298   0.54592686   0.34419509   0.59674963   0.44238563   0.61852207   0.68742102   0.55412838   0.58776437   0.72618356   0.73193064   0.64003646   0.29525187   0.59587020   0.00000000   0.44268621   0.59962321   0.47065706   0.52890021   0.44042586   0.42770856   0.62721356   0.37714333   0.64814352   0.38753016   0.83313587   0.74355743   0.69578257   0.66751844   0.49473875   0.36897092   0.34798881   0.34675349   0.61680111   0.56793754   0.67686162   0.48049534   0.72183158   0.45921409   0.62656375   0.53248523   0.66636585   0.50428276   0.54782407   0.44515674   0.81217241   0.71449038   0.64435831   0.50642939   0.14063609   0.22089624  -0.04446765   0.56188559   0.24319859   0.00871875   0.17288060   0.36246874   0.31351764   0.18037868  -0.02303830  -0.04514964   0.07309333   0.16237077   0.45447048   0.20673234   0.15037792   0.00773689  -0.08547805   0.18445746   0.31263581   0.26059029   0.37772592   0.13596991  -0.03497573  -0.00426437   0.10272797  -0.17617043   0.17814252   0.23203908   0.10162818   0.27364472   0.19772936   0.18494755  -0.02095232   0.23315990  -0.03923767   0.00498792  -0.11105629  -0.00170600   0.00000000   0.18152186   0.17563750   0.29256977   0.20267114   0.20688441   0.30776181   0.05575317  -0.02387918   0.01951533   0.05281884   0.33304462   0.22176621   0.31474832   0.11252045   0.22698853   0.01550609   0.08912274  -0.01795954   0.15001831   0.13108160   0.21325076   0.22574902   0.42991177   0.11894359   0.21550843   0.14500442   0.07325616   0.05272217   0.25655995   0.21547610   0.11398770  -0.00826039   0.13786379
  0.37775200   0.44416187   0.63023916   0.40263058   0.31501131   0.74640841   0.53894941   0.65243172   0.68636186   0.56056757   0.64254889   0.49044598   0.53661833   0.53820282   0.73638173   1.00000000   0.39841499   0.35587670   0.37912592   0.56225108   0.52053082   0.59545569   0.57869774   0.38137327   0.53978641   0.57196489   0.39128943   0.48996123   0.57311539   0.49936834   0.39487769   0.37978027   0.42719194   0.49124004   0.32347774   0.39308774   0.39055549   0.61179604   0.52990395   0.35527056   0.64648449   0.00000000   0.45367039   0.49339160   0.57357725   0.59774584   0.61204288   0.36898904   0.41073151   0.48523782   0.35988556   0.48808834   0.62278849   0.65404276   0.65744422   0.72022758   0.46316991   0.44161702   0.34676672   0.39978481   0.44045098   0.52121927   0.53417455   0.17728100   0.38644913   0.51745097   0.63499778   0.56025440   0.50870439   0.56874907   0.39357189   0.63162990   0.50622141   0.60936307   0.45596217   0.46234054   0.36178038   0.42155262   0.25358614   0.46957338   0.60632637   0.40267709   0.56622837   0.52031080   0.44475617   0.50676175   0.25848261   0.28772934   0.34201589   0.37011415   0.79216677   0.29477866   0.28289787   0.29047490   0.30897689   0.40083993   0.49700657   0.40085965   0.39476004   0.44698022   0.27330901   0.23016610   0.44859461   0.31061524   0.34015627   0.13071934   0.18727982   0.49317800   0.49744001   0.38915145   0.33955161   0.46959600   0.34186456   0.34434690   0.21094513   0.39947764   0.00000000   0.43889946   0.36759401   0.49325183   0.53876824   0.49520061   0.36217125   0.37196120   0.31961436   0.32255953   0.28560578   0.46190473   0.43674185   0.45531733   0.32907646   0.30221518   0.28807928   0.25669570   0.20034708   0.34022541   0.40521162   0.39255585   0.06537642   0.39111291   0.37454448   0.57452974   0.45394378   0.30818605   0.39219561   0.37514769   0.52356066   0.31535060   0.36129520   0.39801838
  0.28576347   0.51070305   0.45117563   0.59461851   0.11295089   0.46241403   0.54410005   0.61676269   0.28147771   0.31488422   0.51717833   0.55978544   0.46460189   0.55256122   0.45923705   0.39841499   1.00000000   0.79597194   0.46996113   0.51070394   0.52822291   0.49795445   0.58285298   0.38840112   0.26906154   0.49528983   0.29899739   0.44550918   0.55988847   0.35330292   0.42386196   0.42937722   0.78843273   0.68839331   0.70004507   0.59005664   0.46918204   0.57100948   0.30983924   0.40730800   0.67106544   0.00000000   0.51772911   0.62126547   0.52908868   0.57008372   0.54557784   0.41189355   0.82176592   0.51403668   0.54224388   0.41983201   0.43448680   0.43266213   0.21529018   0.26664223   0.34378106   0.45310774   0.42424714   0.50350057   0.50273650   0.57000362   0.18503294   0.36467590   0.46493975   0.50104169   0.48312821   0.56126714   0.53749202   0.49621248   0.35144906   0.38990645   0.56778598   0.58761513   0.67610148   0.34067537   0.27153562   0.28452969   0.19543621   0.27312329   0.18553985   0.16951007   0.26695399   0.28013589   0.29739447   0.27004448   0.10217038   0.11913357   0.06031771   0.11980419   0.36320873   0.65352032   0.44483681   0.19223724   0.17923662   0.34840844   0.40610416   0.47565877   0.26573144   0.07596765   0.09661005   0.11191370   0.21564639  -0.03896915   0.30448156   0.26983910   0.25698773   0.35248725   0.26981487   0.41501857   0.21861036   0.28638306   0.11764956   0.20829347   0.14282676   0.22589367   0.00000000   0.29548314   0.34719159   0.40732070   0.29342275   0.36435295   0.42402679   0.34510048   0.15899323   0.20050149   0.29889016   0.10855802   0.23609546   0.12838857   0.22778356   0.18200574   0.18037073   0.19656434   0.21656641   0.24181651   0.26223798   0.18789218   0.21839163   0.25928807   0.30920490   0.20937547   0.19713272   0.10365689   0.15409638   0.21138568   0.27489449   0.05917596   0.21989526   0.24341326
  0.27246888   0.50001004   0.40846314   0.63270067   0.02727281   0.50456845   0.64411900   0.64837128   0.27219936   0.23416837   0.46368528   0.62932343   0.47873658   0.61464370   0.44699260   0.35587670   0.79597194   1.00000000   0.48573212   0.46332881   0.50827076   0.45289132   0.53067770   0.37887917   0.22934468   0.55840509   0.23620858   0.47663664   0.56244069   0.27808410   0.32266581   0.32463869   0.71136618   0.68797894   0.60711843   0.65279645   0.46914209   0.59577338   0.33717915   0.58108359   0.63942092   0.00000000   0.45617721   0.58903975   0.51166529   0.58170634   0.51820499   0.61811219   0.68311849   0.60112392   0.54064466   0.42695702   0.49916135   0.51431543   0.15834857   0.21157019   0.30380871   0.47239858   0.42738969   0.49965491   0.46400626   0.53641302   0.22819540   0.33799771   0.48323911   0.48053251   0.52875243   0.51799739   0.56521449   0.48440655   0.26688552   0.35249396   0.56744294   0.57822395   0.69701939   0.30324664   0.21947741   0.35682270   0.21169379   0.23911025   0.19239095   0.24166046   0.24839571   0.28822310   0.19449997   0.28060198   0.18890185   0.20106405   0.09381627   0.16653934   0.33493165   0.52610330   0.57183209   0.12000175   0.17966981   0.30370184   0.38812604   0.35502079   0.25569172   0.06425054   0.14223470   0.14134755   0.13156402  -0.07248724   0.30086210   0.20694369   0.19669387   0.26573619   0.22021979   0.35629355   0.24142543   0.19891051   0.11879645   0.31381566   0.30178819   0.29272021   0.00000000   0.26310755   0.32946164   0.37215659   0.30782993   0.36360425   0.52085258   0.26038290   0.27570396   0.14476962   0.27808084   0.13073722   0.33399684   0.03983537   0.31784470   0.16266142   0.17697947   0.16524632   0.22409579   0.14546000   0.20059314   0.23276027   0.21404229   0.28983468   0.27961424   0.20617691   0.20248613   0.13152730   0.17348713   0.21628889   0.26383087  -0.00651932   0.21231723   0.22510170
 -0.06268896   0.86144670   0.64960657   0.47653931  -0.26538153   0.14417399   0.60772093   0.58640574   0.29077841   0.45252258   0.64364538   0.53765930   0.23727167   0.40125286   0.35731534   0.37912592   0.46996113   0.48573212   1.00000000   0.75661331   0.82303039   0.75130072   0.62603402   0.08429533   0.55391759   0.63603481   0.77135664   0.56819825   0.61486751   0.64077181   0.01792081   0.22378213   0.44489312   0.61038309   0.36932670   0.45601353   0.54652937   0.64961205   0.14068188   0.58073610   0.53457075   0.00000000   0.75071207   0.37018848   0.73114488   0.58135798   0.76601366   0.13647880   0.49686648   0.57522611   0.36422583   0.64721874   0.56716673   0.43689058   0.36056565   0.17792262   0.75229810   0.91861671   0.85184887   0.66006546   0.64579452   0.74101315   0.06997315  -0.00924145   0.19942662   0.74954216   0.41057416   0.79444621   0.77881841   0.76208961  -0.15415379   0.70012941   0.50567167   0.59015646   0.51318589   0.14661045   0.54666289   0.50791093   0.11041384   0.10508594   0.16400915   0.48028117   0.38145681   0.24611301   0.55150564   0.69875777   0.35237472   0.31281751   0.35065618   0.43294177   0.52380218   0.22425844   0.33702627   0.51599866   0.57631772   0.61417324   0.66691539   0.51956039   0.06033007   0.25718946   0.32642096   0.65409494   0.23804247   0.20726031   0.75117640  -0.13163418   0.03178759   0.34321173   0.31096124   0.32682400   0.34617541   0.50015130   0.22014307   0.37444197   0.31018804   0.37427426   0.00000000   0.74031359   0.17326550   0.63297944   0.31915288   0.56508382   0.30875126   0.23976054   0.45882553   0.27841100   0.44099637   0.38550016   0.40938147   0.40059479   0.36065385   0.65473831   0.50086998   0.64481344   0.34257595   0.45376004   0.53521823   0.44374261  -0.06472526   0.10391248   0.64787768   0.37792988   0.46770515   0.56960599   0.51568678  -0.11734319   0.42500805   0.25340146   0.36659924   0.28985192
 -0.04313034   0.76315186   0.74617380   0.53106628  -0.19962479   0.32260466   0.54130135   0.62673842   0.31297598   0.45980530   0.88810643   0.39656137   0.24696823   0.32496505   0.33113369   0.56225108   0.51070394   0.46332881   0.75661331   1.00000000   0.78430733   0.80251164   0.57123665  -0.01086813   0.37366348   0.51997601   0.64251420   0.58612825   0.64577503   0.63801996   0.09287654   0.12411608   0.39987354   0.53191607   0.32445522   0.37599302   0.23053038   0.54844207   0.21095708   0.54443133   0.65683369   0.00000000   0.70115329   0.39870630   0.79521893   0.63193016   0.78279166   0.24789426   0.46013813   0.65353982   0.25169227   0.73276099   0.39035095   0.50423089   0.22108185   0.27959543   0.50807530   0.79541757   0.73425194   0.72307203   0.48024896   0.66756265   0.08152380  -0.03912169   0.09370745   0.75530052   0.38670163   0.70671304   0.60664398   0.73215613   0.02121531   0.64649896   0.33750219   0.55528093   0.44925977   0.20559438   0.63334986   0.48162379   0.26880483   0.10351391   0.34097659   0.51862407   0.54673109   0.31376326   0.48644612   0.79312367   0.27891597   0.33807470   0.24651857   0.36230240   0.69025694   0.22715512   0.23527507   0.54268974   0.72969609   0.69625166   0.75847714   0.53046055   0.07241920   0.35030321   0.32709631   0.53009713   0.44230111   0.35000656   0.64057084  -0.13865112   0.07095180   0.44875341   0.44281839   0.40802457   0.47512169   0.46292350   0.33629726   0.38373201   0.30570276   0.46839109   0.00000000   0.72942300   0.31626782   0.76635226   0.49300064   0.63661394   0.36426700   0.34702866   0.43799114   0.29710005   0.60511670   0.26827413   0.47639209   0.29847116   0.39577922   0.43942618   0.60894748   0.59406255   0.46397012   0.47694857   0.58752332   0.29353564  -0.16235494   0.08504272   0.73106841   0.41657979   0.47068648   0.41337042   0.55449839   0.12396012   0.51945912   0.17855919   0.51932216   0.38895049
