  1.00000000   0.20040636   0.39252748   0.21801516   0.93247970   0.87854690   0.72387064   0.51947365   0.29889982   0.23832611   0.12683383   0.54624183   0.61517648   0.82024464   0.73330082   0.78782671   0.30626339   0.47000693   0.12114757   0.04782639   0.10287224   0.20228930   0.08908192   0.70888633   0.26674374   0.17267855   0.25219676   0.25325121   0.36661751   0.31998816   0.70180490   0.50057838   0.38885735   0.38759531   0.37982965   0.31473986   0.37325192   0.28912708   0.70508937   0.45097046   0.16129611   0.00000000   0.32554697   0.18992117   0.16436956   0.39704656   0.33710527   0.54860477   0.29971515   0.39071456   0.34071902  -0.02057922   0.77691593   0.76624053   0.63043381   0.07328778   0.21881902  -0.00686427   0.02709872   0.12700355   0.05633223   0.04024185   0.57150557   0.49448849   0.56840585   0.11697743   0.54628576   0.24203599   0.58190275   0.50957964   0.72500757   0.24616812   0.28624947   0.19584006   0.32911450   0.49483400   0.05626578   0.52371457   0.49859080   0.86373613   0.79139133   0.67569678   0.50294177   0.24474483   0.13850926   0.05430777   0.53947144   0.35882376   0.47988471   0.76683452   0.78407357   0.31347807   0.43883726  -0.10323654   0.01658516   0.05074642   0.09665690   0.04502217   0.38068677   0.26156397   0.40227632   0.34720035   0.46993523   0.58113883   0.31635873   0.47892938   0.45596199   0.38439152   0.33088027   0.38153499   0.33413948  -0.12495435   0.12497734   0.53496915   0.65338012   0.32401106   0.00000000   0.03041514   0.01299671   0.12725940   0.53028918   0.40523780   0.45916676   0.31873266   0.51864869  -0.12450030   0.01522649   0.68804012   0.81187521   0.71487659   0.38932818   0.32725033  -0.05699611   0.09403426  -0.12168711  -0.04343324  -0.08419980   0.51592571   0.37323948   0.41727848   0.21057857   0.51733552   0.44124774   0.62412704   0.54031099   0.10748430   0.22841328  -0.15468309   0.23452671   0.29916403
  0.20040636   1.00000000   0.39649034   0.18843059   0.10784034   0.10483789   0.02540617   0.08011711   0.35380113   0.60420711   0.51211098   0.19193775   0.20556465   0.21754903   0.11186604   0.17565623   0.18987526   0.14627730   0.40670248   0.22391407   0.73324191   0.78990478   0.38644117   0.15269652   0.57498424   0.30633414   0.55608372   0.07506966   0.12298272   0.58263984   0.11071964   0.13578797   0.29267674   0.46391482   0.34856404   0.35458774   0.57204539   0.48637032   0.25477878   0.16159617   0.24449257   0.00000000   0.78536662   0.41188580   0.63882934   0.12771466   0.25848379   0.18271017   0.22775202   0.06026107   0.28198162   0.73337711   0.10144100   0.07172042   0.04119800   0.35890850   0.43473188   0.42576878   0.46558478   0.59280239   0.55844751   0.44237243   0.15199225   0.00793531   0.05053413   0.45763546   0.26941642   0.16923770   0.08416989   0.03593403   0.10496733   0.38796107   0.63429168   0.45831158   0.35257563   0.27461663   0.73427241   0.26659428   0.36596446   0.30045388   0.19491839   0.14818890   0.10943350   0.28283697   0.41370907   0.40975626   0.36181216   0.40608933   0.33082065   0.28132119   0.21605329   0.15715123   0.22722075   0.37996528   0.37056532   0.56869389   0.60335281   0.16069662   0.18848774   0.40154445   0.27514487   0.32731260   0.43841125   0.17429965   0.45035774   0.10482274   0.15703115   0.32943106   0.40326069   0.32355335   0.30962343   0.16992848   0.28497040   0.34472871   0.24869173   0.24475134   0.00000000   0.68478744   0.12371852   0.51253746   0.21771548   0.22888434   0.27050189   0.24490293   0.24604630   0.03277557   0.51435187   0.39015184   0.30293069   0.19862952   0.31100510   0.30356796   0.43546940   0.41696506   0.29900952   0.37386944   0.29067909   0.44507874   0.03341777   0.16268210   0.39251352   0.16108701   0.25256082   0.26680276   0.12402379   0.02880293   0.33185385   0.08739788   0.36233938   0.33638843
  0.39252748   0.39649034   1.00000000   0.56089172   0.26582083   0.40357587   0.38699175   0.67987605   0.54500186   0.69624558   0.29120173   0.31736543   0.30923683   0.49025242   0.31434320   0.54082127   0.24703569   0.16862678   0.07563082  -0.00759652   0.47816939   0.45568381   0.41500328   0.41769773   0.57061958   0.55860441   0.73163507   0.58939995   0.66364438   0.77838549   0.34242058   0.23220247   0.47974158   0.58552729   0.41087740   0.60252799   0.66691369   0.63700585   0.44582476   0.19127095   0.41551857   0.00000000   0.46366693   0.57946208   0.44831814   0.68255584   0.76231162   0.23757261   0.30485857   0.20446777   0.50297732  -0.01188555   0.30634567   0.20405283   0.37968008   0.51080900   0.54930648  -0.05023904   0.21408924   0.44923317   0.35511171   0.27624961   0.26389048   0.43000884   0.33572333   0.46925349   0.38862472   0.56949821   0.50241202   0.58590205   0.46074145   0.59512363   0.56159734   0.57653615   0.64298242   0.21017890   0.18212121   0.89665999   0.54542398   0.40625617   0.38321369   0.42754673   0.55468448   0.36484370   0.42863118   0.13568746   0.32553089   0.34568934   0.36334782   0.44147522   0.53214450   0.09461808   0.12181619  -0.01424624   0.06800151   0.03774368   0.24147469   0.29140842   0.33427337   0.30100078   0.30496383   0.54630945   0.75896762   0.59028211   0.62975548   0.38574613   0.39081287   0.35744800   0.44264795   0.33227504   0.30650938   0.17906989   0.28091161   0.36740319   0.31719500   0.28879595   0.00000000   0.16451161   0.36279185   0.33515923   0.61829057   0.65861991   0.17803983   0.25949794   0.23878369   0.13646100  -0.06033293   0.46409465   0.41497521   0.42046679   0.32382019   0.41522154  -0.09474618   0.22618426  -0.06958727  -0.06596490  -0.07533254   0.54482533   0.42484677   0.34031664   0.36482909   0.24360394   0.47985303   0.49849189   0.53454136   0.38984903   0.46511369   0.06264622   0.28744951   0.37590094
  0.21801516   0.18843059   0.56089172   1.00000000   0.22600882   0.24648150   0.49707231   0.66898934   0.66802591   0.64022448   0.05800417   0.75637243   0.52113597   0.56540355   0.49449806   0.45576832   0.58449022   0.39289849  -0.18524093  -0.07988993   0.49016764   0.27964985   0.51707012   0.23896860   0.34734605   0.78214868   0.41584726   0.75935994   0.80615086   0.49092432   0.01023477   0.28386911   0.76750081   0.70716414   0.47889712   0.71535906   0.32278971   0.52777018   0.57830207   0.56937163   0.80696411   0.00000000   0.10206295   0.36996926   0.34834664   0.86147213   0.70837181   0.29689343   0.56455615   0.73858872   0.30711649  -0.05925080   0.56151158   0.40507198   0.56040587   0.61418382   0.34433768  -0.14778594   0.00838436   0.18982599   0.48842717   0.46518410   0.28072306   0.16773474   0.12470346   0.32338522   0.55982587   0.73968357   0.79624261   0.67123513   0.11411881   0.55140981   0.32825691   0.59657096   0.81064273   0.03412926   0.09760854   0.51936090   0.33544103   0.08740254   0.05649665   0.31002768   0.49941378   0.54512787   0.55075329  -0.07385628   0.13842855   0.15056301   0.19621443   0.10184710   0.27473664   0.22051040   0.12751515   0.12661791   0.01178118   0.02958638   0.19310969   0.41284734   0.23116474   0.14536872   0.13149252   0.22324515   0.49016413   0.31994641   0.37103175  -0.01675467   0.31593554   0.25736809   0.30955284   0.21221345   0.12336388   0.38068058   0.37953355   0.14291977   0.08574899   0.25563590   0.00000000   0.06051546   0.37960448   0.27300989   0.33686916   0.52993931   0.05480250   0.21846497   0.07711147   0.20809357  -0.17064762   0.17052299   0.08621794   0.12936169   0.12583888   0.09863473  -0.13779619   0.05722568   0.08510437  -0.00597385  -0.00143832   0.20776568   0.07172885   0.14613724   0.11519132   0.39494801   0.20418685   0.12058824   0.21400971  -0.02354591   0.45916870   0.28162806   0.20501235   0.23037810
  0.93247970   0.10784034   0.26582083   0.22600882   1.00000000   0.82181698   0.73712570   0.48604208   0.28399687   0.19589747   0.04723454   0.57237401   0.55345807   0.79124911   0.80937024   0.81101086   0.28610388   0.43556146   0.11461063   0.06080907   0.07968875   0.12546611   0.09893983   0.56326231   0.14201797   0.09726767   0.13961123   0.22373556   0.34739944   0.20710842   0.54830348   0.42956367   0.32617169   0.29253797   0.30208862   0.20267106   0.22581883   0.15783667   0.64182945   0.50710005   0.15168757   0.00000000   0.18800044   0.09806070   0.11936337   0.35336373   0.28657312   0.46261678   0.26267288   0.48903368   0.22227663  -0.04050043   0.83998017   0.87351045   0.71951301  -0.04506917   0.08023825  -0.03360628  -0.06783605   0.04502568   0.01217200   0.05346317   0.50129749   0.31489244   0.42826201   0.02546854   0.57305965   0.19460483   0.58047466   0.46263578   0.55683874   0.16883103   0.13740716   0.09163525   0.24729305   0.40703370   0.06647626   0.39601652   0.44649606   0.78792515   0.72891417   0.70969706   0.49351710   0.28971909   0.18350009   0.00960438   0.50207952   0.30343211   0.44420071   0.74308352   0.78885187   0.36004527   0.45206692  -0.05225759   0.02329339   0.11505924   0.07662218   0.13128272   0.30091035   0.22393837   0.37356106   0.27600914   0.39298728   0.53924753   0.22782196   0.33550341   0.40372279   0.37321682   0.29748471   0.36776799   0.31076817  -0.06540365   0.16198071   0.47714685   0.60665766   0.33940802   0.00000000  -0.00275735   0.02749462   0.11243118   0.46249209   0.38689389   0.43110876   0.34268478   0.51425525  -0.07556948   0.00987439   0.63114925   0.79450171   0.72716686   0.33026980   0.25468981  -0.04524431   0.04726222  -0.03819021   0.05820561   0.00004018   0.38695665   0.23467957   0.33104222   0.14304714   0.59571414   0.38298315   0.56072598   0.50740278  -0.03686092   0.21163167  -0.08376554   0.25108526   0.29069011
  0.87854690   0.10483789   0.40357587   0.24648150   0.82181698   1.00000000   0.79763860   0.60576855   0.32698393   0.23219681   0.15042992   0.53004300   0.61490002   0.77076026   0.70087693   0.83051300   0.36433438   0.56217078   0.11153458   0.04304650  -0.00499982   0.11636327   0.11606568   0.69571676   0.27717661   0.14938716   0.22022680   0.31839540   0.42992070   0.29490243   0.68555161   0.54638327   0.44523044   0.38568078   0.42912479   0.29774673   0.37110705   0.27167195   0.68015791   0.40035469   0.18848524   0.00000000   0.25178774   0.16375865   0.10741722   0.46432549   0.39192518   0.65705612   0.38763143   0.43934286   0.38137427  -0.11454104   0.71191967   0.71300196   0.64656379   0.01243683   0.21309839  -0.01130745   0.04752315   0.09346997   0.00135950   0.00445062   0.58251957   0.53144962   0.66645652   0.14101642   0.62203807   0.24419419   0.58265807   0.57690259   0.85486461   0.20178505   0.27332808   0.17836794   0.33748408   0.49319936  -0.04486851   0.56639748   0.57976928   0.84468228   0.91095259   0.75237388   0.62384347   0.23736813   0.11005115   0.10438024   0.62879628   0.45719527   0.56181598   0.79272266   0.83972246   0.42410621   0.55000165  -0.15761336   0.01858733  -0.03579214   0.02023481  -0.01417735   0.43257659   0.21835469   0.43455336   0.39766227   0.51057550   0.66772174   0.34194286   0.58536163   0.58001404   0.46682566   0.36871763   0.43370962   0.37060838  -0.12442823   0.02573937   0.63361396   0.72211208   0.41686842   0.00000000  -0.05014119  -0.02622403   0.09575490   0.64612847   0.45976264   0.57753398   0.43405668   0.64530912  -0.07121754  -0.03035170   0.74818099   0.82531380   0.77129294   0.37490965   0.36622345  -0.10388379   0.08708138  -0.18820564  -0.13922167  -0.10571871   0.58736960   0.52044048   0.53238881   0.22656038   0.56851969   0.52422015   0.69314296   0.64029139   0.27894102   0.20164979  -0.16573549   0.17843963   0.36410069
  0.72387064   0.02540617   0.38699175   0.49707231   0.73712570   0.79763860   1.00000000   0.81087267   0.45115934   0.28876812  -0.04167149   0.69951782   0.58659076   0.74883300   0.79193126   0.87951213   0.53182966   0.62894292   0.03543325  -0.01048659   0.11316468   0.00229148   0.30746820   0.56362614   0.19004643   0.27414852   0.17240517   0.51293811   0.63618670   0.23271916   0.44655062   0.55022124   0.57332188   0.48732917   0.47961015   0.35273379   0.31675184   0.33509296   0.67535835   0.54205465   0.41532938   0.00000000   0.12726883   0.26354407   0.03530339   0.68411572   0.47698705   0.59466612   0.51615864   0.68383037   0.47391778  -0.25125495   0.84689719   0.78305118   0.85424433   0.09151207   0.14022708  -0.10942744  -0.07715611  -0.03093540   0.06406086   0.13776404   0.51534232   0.44694944   0.48547535   0.03568337   0.76687824   0.43851083   0.83593067   0.79016974   0.57250842   0.21979896   0.24998591   0.27009018   0.50693656   0.41697977  -0.06139716   0.55948948   0.59919205   0.68170931   0.70258862   0.88179969   0.81678190   0.38877233   0.19734172  -0.11215994   0.56824404   0.33737702   0.52551234   0.73758121   0.83132909   0.43944636   0.50539314  -0.17536467  -0.15574205   0.00970735  -0.04037345   0.27770987   0.38903887   0.06523179   0.35906636   0.20601467   0.56568597   0.74625129   0.22454523   0.35172976   0.57721507   0.47323477   0.42010606   0.46255522   0.32188209   0.19020936   0.26602682   0.51155598   0.62481387   0.44531940   0.00000000  -0.12958249   0.17810601   0.05590294   0.66859669   0.51845712   0.41978635   0.46602672   0.58159219   0.14946785  -0.18044493   0.68869322   0.72313417   0.77809916   0.24822778   0.18823927  -0.22351630  -0.07093736  -0.05298209  -0.02520368  -0.02315912   0.41824919   0.38696197   0.41786999   0.04767213   0.71170058   0.45431692   0.66607861   0.69584163   0.06424886   0.23857163   0.10388911   0.17853615   0.37650162
  0.51947365   0.08011711   0.67987605   0.66898934   0.48604208   0.60576855   0.81087267   1.00000000   0.71184400   0.51944816   0.11439683   0.61356142   0.50782154   0.64964032   0.59971620   0.75491085   0.58124632   0.54710702   0.01986767   0.02994625   0.29065942   0.18498749   0.45883336   0.49661772   0.38410970   0.56288041   0.47727437   0.73158705   0.79394113   0.52115779   0.37703000   0.52793966   0.67469883   0.58452855   0.52103006   0.57057743   0.41116025   0.50303460   0.59883099   0.41897938   0.59396285   0.00000000   0.17242278   0.40244818   0.25792859   0.87275752   0.80623317   0.49382182   0.56323270   0.60866558   0.52540389  -0.21787319   0.62925137   0.51783072   0.70864766   0.38753409   0.40436239  -0.09434982   0.08135928   0.15230650   0.22051232   0.30927896   0.41345367   0.45497553   0.39038213   0.29256711   0.75476077   0.72297641   0.81185247   0.86788192   0.49444354   0.53088334   0.39148826   0.48195217   0.66281097   0.30195227  -0.03839361   0.76619040   0.64346016   0.48480534   0.51085093   0.73516776   0.85983680   0.60312394   0.40817650  -0.00210500   0.48251913   0.34150871   0.48310840   0.56612998   0.69558539   0.43428925   0.44004730  -0.11465927  -0.07877011   0.01716668   0.13362306   0.41433917   0.41582218   0.19435264   0.43187811   0.38949788   0.70090288   0.74987621   0.45210087   0.34381977   0.62067614   0.50362003   0.52294240   0.49297941   0.36824579   0.26446422   0.38597830   0.45858911   0.49281486   0.48694142   0.00000000  -0.06198921   0.35107629   0.25054199   0.73376065   0.78127824   0.35277851   0.48896795   0.47766024   0.18888180  -0.18716507   0.56893587   0.51898723   0.60665006   0.35658306   0.32758430  -0.21389170   0.05792499  -0.04416465  -0.03578584   0.01878681   0.47986945   0.40709735   0.39711441   0.19618914   0.62953358   0.56344202   0.60237421   0.70758229   0.13608548   0.50211444   0.19245941   0.29439703   0.44938813
  0.29889982   0.35380113   0.54500186   0.66802591   0.28399687   0.32698393   0.45115934   0.71184400   1.00000000   0.71936630   0.53169394   0.55770825   0.43884524   0.47945106   0.35631869   0.43139692   0.61400390   0.50146079   0.30796212   0.34165062   0.52609098   0.48874441   0.47752241   0.33489086   0.71234753   0.74004278   0.66303676   0.56106467   0.56087090   0.75792174   0.19281238   0.41202880   0.68170694   0.61140034   0.46247674   0.68820371   0.30482415   0.51880767   0.47369102   0.34811711   0.80532398   0.00000000   0.29977683   0.29420307   0.60504286   0.66949943   0.84110419   0.42403950   0.56906699   0.56298770   0.33815060   0.16316332   0.39074923   0.27900117   0.37342876   0.60188988   0.65915810   0.30544051   0.45126207   0.49075011   0.55394732   0.57350772   0.33393734   0.13887621   0.17819991   0.67392620   0.74795521   0.70545871   0.54624404   0.54859694   0.22715016   0.81973992   0.48980659   0.69814715   0.66435175   0.18321511   0.24617169   0.59249410   0.60091946   0.26438744   0.25579219   0.42505014   0.62737979   0.87527190   0.73228878   0.47609829   0.48092400   0.44103715   0.39616271   0.32187180   0.38318737   0.50871631   0.49960436   0.36133797   0.41266220   0.31469699   0.56228819   0.34189215   0.35349884   0.60202250   0.58128114   0.61785350   0.61259287   0.50839954   0.73831685   0.15734869   0.51393169   0.59866817   0.63621424   0.49478981   0.53109019   0.21178264   0.52695536   0.42998646   0.38878142   0.61624518   0.00000000   0.32160759   0.23384689   0.65004535   0.56895732   0.84729520   0.42361692   0.55527260   0.45215363   0.01860623   0.24724047   0.38024764   0.26768212   0.30561385   0.63741692   0.55565377   0.22580791   0.47657876   0.24511220   0.20594432   0.34473491   0.47462114   0.16312218   0.27840508   0.59263673   0.60360109   0.61311956   0.38256843   0.45380497  -0.02122720   0.80953519   0.21220796   0.63468766   0.57644167
  0.23832611   0.60420711   0.69624558   0.64022448   0.19589747   0.23219681   0.28876812   0.51944816   0.71936630   1.00000000   0.48335883   0.42256593   0.31734678   0.41942975   0.27767130   0.38191975   0.45747004   0.28996525   0.25991421   0.13113782   0.70932623   0.74005114   0.58286787   0.22741372   0.69756454   0.60529736   0.69693035   0.41258714   0.54135638   0.84592987   0.05899079   0.30517669   0.61402451   0.66306742   0.48727326   0.63382126   0.61011271   0.63181405   0.41763467   0.28222681   0.61830822   0.00000000   0.50113262   0.49483829   0.73192744   0.58671309   0.72176315   0.24886112   0.48257852   0.36089654   0.42409042   0.29368528   0.30441928   0.20156002   0.27426932   0.52684284   0.56725818   0.18565749   0.38133490   0.56412462   0.62571652   0.66104444   0.19892404   0.14425260   0.12977654   0.67271220   0.48840840   0.50605871   0.43752896   0.39162136   0.18771184   0.62121961   0.64510837   0.67729191   0.72885233   0.03552071   0.37972281   0.61374781   0.51581621   0.19662403   0.18956395   0.30082808   0.44727537   0.54810776   0.76963216   0.34786568   0.33401723   0.36149820   0.27330270   0.24659306   0.31965712   0.28737144   0.25874504   0.22829039   0.23279662   0.36939560   0.56239558   0.38195125   0.22032149   0.44129531   0.34063466   0.50953832   0.62832347   0.32511456   0.72925930   0.09566844   0.38716174   0.41185357   0.50478381   0.40334214   0.37092038   0.26787973   0.41275592   0.33147309   0.24912232   0.42279227   0.00000000   0.33512111   0.30150449   0.63124342   0.44248503   0.60628064   0.23813433   0.40060932   0.28658136   0.13021648   0.22015617   0.35574707   0.24347668   0.22427118   0.40182676   0.41090313   0.13803253   0.37250629   0.15229539   0.18290661   0.26327192   0.45256752   0.17236821   0.20579924   0.52994784   0.33962288   0.39644987   0.29575137   0.25629294   0.04962103   0.57742135   0.11213265   0.46531703   0.44376736
  0.12683383   0.51211098   0.29120173   0.05800417   0.04723454   0.15042992  -0.04167149   0.11439683   0.53169394   0.48335883   1.00000000   0.07721321   0.20365700   0.11402542  -0.06125939   0.02359454   0.25825757   0.25182773   0.59919018   0.70232082   0.37516558   0.68620856   0.10279726   0.21359237   0.71808613   0.32496553   0.59002789   0.01318076  -0.01168200   0.66012523   0.21155701   0.20946811   0.26016393   0.26670635   0.22508106   0.31991356   0.14801500   0.31806640   0.15673855  -0.05048160   0.29543742   0.00000000   0.50073289   0.03306949   0.75849969   0.04544255   0.43306262   0.29140033   0.27095278   0.03077878   0.02145854   0.57786621  -0.04522982  -0.07898053  -0.10755829   0.33251805   0.63986396   0.72740699   0.89529898   0.68985781   0.48651415   0.45732502   0.20517948  -0.01836191   0.16580661   0.85290931   0.33776629   0.18998689  -0.07225421  -0.00276534   0.19753802   0.50955739   0.43084381   0.45595813   0.18847843   0.25171202   0.46186856   0.20238624   0.33989022   0.22670997   0.21192610   0.08304007   0.17654942   0.49018679   0.51873928   0.90801728   0.39512122   0.40761321   0.29771789   0.16634795   0.08547666   0.35441264   0.41086024   0.64931997   0.82695780   0.47531294   0.75806342  -0.06318574   0.25164867   0.67520041   0.49997077   0.61068511   0.25233701   0.16408218   0.67675913   0.21280125   0.30401719   0.38491034   0.39718798   0.27758646   0.45128339  -0.11560811   0.16554583   0.39920684   0.29105658   0.41064238   0.00000000   0.65245912  -0.08392685   0.78894427   0.25573150   0.49106786   0.44377161   0.36863286   0.36747582  -0.22545897   0.70544538   0.25225884   0.16858284   0.08311853   0.57040165   0.57853544   0.68632945   0.81623015   0.31389944   0.26329997   0.49796823   0.44655127   0.08513807   0.28953115   0.80045886   0.26019425   0.44672220   0.21631587   0.19618108   0.03088032   0.56132237  -0.02100805   0.54869830   0.42506488
  0.54624183   0.19193775   0.31736543   0.75637243   0.57237401   0.53004300   0.69951782   0.61356142   0.55770825   0.42256593   0.07721321   1.00000000   0.74339673   0.81877975   0.69933920   0.61067507   0.66786924   0.67567458   0.07725147   0.12024039   0.33524602   0.20312583   0.40424907   0.42726617   0.20210970   0.46461689   0.19089836   0.52853464   0.62968561   0.30147254   0.24270984   0.42148103   0.74272778   0.64164132   0.54818104   0.45725462   0.15617424   0.37972417   0.82702216   0.86238245   0.57981620   0.00000000   0.19696421   0.19566742   0.23954788   0.66619070   0.49951593   0.59274458   0.64006479   0.90594728   0.27818568   0.01778878   0.84986337   0.68208786   0.67494826   0.23943765   0.14783149   0.03710096   0.01417401   0.02473010   0.29322929   0.34342070   0.55171189   0.18994817   0.33176637   0.15273544   0.73150891   0.48717598   0.84277758   0.58643496   0.29329309   0.35338079   0.21132648   0.36905583   0.62961009   0.37093642   0.15782622   0.36452773   0.52214718   0.46618055   0.42050594   0.58959099   0.62566932   0.56847458   0.44068933  -0.01059717   0.45774528   0.37031287   0.47996549   0.40425613   0.49507162   0.51984596   0.45706024   0.17714989   0.08003903   0.20083075   0.20029959   0.36681284   0.40173086   0.23832021   0.39779860   0.17233887   0.49659592   0.47384835   0.25053317   0.16747555   0.47806501   0.50854645   0.48008579   0.43808705   0.39371348   0.30152632   0.41895904   0.42998281   0.39493749   0.48112561   0.00000000   0.15884849   0.24062618   0.26975713   0.45974333   0.51765861   0.39391553   0.49056209   0.40591146   0.15866335  -0.01589475   0.43662009   0.41411309   0.40878782   0.31243662   0.16938582   0.01192190   0.10235046   0.19262511   0.16624651   0.16112855   0.32934200   0.15801180   0.38089188   0.11982456   0.66199179   0.35776188   0.37984522   0.40819852  -0.07892330   0.39507253   0.26984308   0.36878482   0.46221614
  0.61517648   0.20556465   0.30923683   0.52113597   0.55345807   0.61490002   0.58659076   0.50782154   0.43884524   0.31734678   0.20365700   0.74339673   1.00000000   0.77300526   0.49393355   0.52447503   0.74072582   0.80221860   0.26734024   0.31073628   0.20894011   0.18948902   0.38879816   0.78892439   0.18201744   0.32865447   0.14657219   0.34574104   0.47230999   0.25493207   0.61181326   0.71333740   0.76171167   0.69952814   0.72345527   0.39554329   0.25096712   0.42124831   0.92157898   0.47799058   0.39777787   0.00000000   0.33334403   0.33395840   0.26011938   0.50082247   0.45398917   0.84114887   0.68669335   0.59858468   0.46873437  -0.01267091   0.67194617   0.46830841   0.44311117   0.16632608   0.08561031   0.20917799   0.09173035   0.08184040   0.25030442   0.22890155   0.87833924   0.53869893   0.69127065   0.13754934   0.62105100   0.30993211   0.61018855   0.45550237   0.60593204   0.22209571   0.34636042   0.34902256   0.63119018   0.64125545   0.10866017   0.41851357   0.49782462   0.58165863   0.52960447   0.50815471   0.52397398   0.36999000   0.23529062   0.07113198   0.54680443   0.63420534   0.63511676   0.41591001   0.47052397   0.52822767   0.58809838   0.12075620   0.14876781   0.05921817   0.14274410   0.19229921   0.73926632   0.18568853   0.36108960   0.20730450   0.45816457   0.44012841   0.19464493   0.54626522   0.69429697   0.57390481   0.52700442   0.55890607   0.38517331   0.12785626   0.29376383   0.63251099   0.49531059   0.35405465   0.00000000   0.24550426   0.26916025   0.18468707   0.44534724   0.41769624   0.63271339   0.46931083   0.43299872   0.06814852   0.01580740   0.50296049   0.42398900   0.38497511   0.31541349   0.16729319   0.02815524   0.09584293   0.04759196  -0.00149213  -0.03262444   0.53487333   0.47702551   0.69112481   0.09013721   0.44432776   0.34577132   0.42087237   0.39689213   0.11094529   0.19217688   0.11835187   0.29329960   0.45125684
  0.82024464   0.21754903   0.49025242   0.56540355   0.79124911   0.77076026   0.74883300   0.64964032   0.47945106   0.41942975   0.11402542   0.81877975   0.77300526   1.00000000   0.77079570   0.78960208   0.50751079   0.56738649   0.10101400   0.09085071   0.26961219   0.24809435   0.24866884   0.64581557   0.28317686   0.37910086   0.30019267   0.49318320   0.61638451   0.39884173   0.50836192   0.48579537   0.64043718   0.60646597   0.49499936   0.44137108   0.36904982   0.39265213   0.87734005   0.65333152   0.37498092   0.00000000   0.34701200   0.22261442   0.24674323   0.63535709   0.49929998   0.58701265   0.50185764   0.64675922   0.36062565  -0.04210963   0.87253644   0.74448098   0.68726315   0.16752860   0.21569314  -0.03886971  -0.01537138   0.10068226   0.21013414   0.18348561   0.65287226   0.38153828   0.52277256   0.14087979   0.65380610   0.44321735   0.78792245   0.61745299   0.57937921   0.34474571   0.31259087   0.32043283   0.57868371   0.40352926   0.10745093   0.58547891   0.56042923   0.70204992   0.64239166   0.65602976   0.60020695   0.40674907   0.32132450   0.01740278   0.54198286   0.45084396   0.55555089   0.64505586   0.70876689   0.39169233   0.43746630  -0.00975078   0.05500160   0.10991232   0.15502204   0.17228405   0.42937038   0.25360452   0.40673679   0.33719689   0.57414189   0.59043851   0.35173460   0.36108551   0.47826266   0.47601721   0.44942147   0.42353712   0.37112586   0.04675815   0.26438941   0.55925748   0.60949543   0.40751532   0.00000000   0.10498495   0.11348063   0.20126991   0.55930967   0.52024149   0.43942323   0.41851414   0.47905771  -0.04285452  -0.01187832   0.63349506   0.66196056   0.60538326   0.38734634   0.28568009  -0.08998434   0.09382678  -0.05001099   0.02946088  -0.01225302   0.52461380   0.31465470   0.44502989   0.18173123   0.57940226   0.44770572   0.54382559   0.52155070   0.08733726   0.30959216   0.00136184   0.30950573   0.39650848
  0.73330082   0.11186604   0.31434320   0.49449806   0.80937024   0.70087693   0.79193126   0.59971620   0.35631869   0.27767130  -0.06125939   0.69933920   0.49393355   0.77079570   1.00000000   0.88646839   0.32996926   0.36709954  -0.11158144  -0.07467540   0.24477079   0.13043807   0.21899739   0.38877398   0.12553727   0.33985049   0.16911735   0.57704620   0.67394533   0.20425659   0.31963935   0.29746414   0.47004899   0.40550167   0.33205820   0.39871766   0.23291424   0.22768663   0.58506389   0.59142271   0.38116309   0.00000000   0.09186607   0.13634564   0.13918538   0.61590473   0.35914971   0.36080358   0.33715826   0.62054026   0.21168821  -0.02064473   0.90260999   0.96095487   0.93100897   0.16570681   0.12848736  -0.16402644  -0.12000675   0.05122442   0.16082199   0.23003397   0.36940395   0.20965679   0.25473910   0.03476983   0.59705366   0.45932580   0.80702849   0.71432242   0.39401976   0.27539422   0.13774711   0.18937513   0.41944605   0.30018038   0.11516541   0.38426948   0.34202808   0.58802995   0.50876845   0.66127289   0.48984660   0.34726891   0.25427181  -0.15505837   0.34382090   0.18035733   0.32450416   0.58983162   0.72754412   0.26353443   0.29411795  -0.02192524  -0.08212087   0.11116458   0.06587159   0.26952565   0.23234195   0.08599851   0.19405437   0.12634209   0.36622455   0.48923061   0.15508773   0.14415450   0.29692555   0.23880857   0.20939390   0.20530251   0.12605674   0.18526681   0.28129534   0.29833049   0.41891803   0.25940563   0.00000000  -0.04183808   0.14141663   0.07940246   0.37009918   0.33707084   0.24227839   0.22344265   0.33342213   0.11328811  -0.03827606   0.51224075   0.63650620   0.61808019   0.16115938   0.08301154  -0.12862375  -0.04094450   0.05040832   0.12293552   0.04088517   0.27584356   0.10532714   0.19486136   0.03280552   0.58094980   0.24234863   0.37960921   0.41924905  -0.03961294   0.26420996   0.15963723   0.13589687   0.17048994
  0.78782671   0.17565623   0.54082127   0.45576832   0.81101086   0.83051300   0.87951213   0.75491085   0.43139692   0.38191975   0.02359454   0.61067507   0.52447503   0.78960208   0.88646839   1.00000000   0.33766143   0.43626663   0.00857446  -0.07707180   0.23750108   0.16583017   0.28092823   0.51429354   0.27795122   0.32657971   0.31229790   0.55999943   0.68768240   0.35398131   0.45024660   0.38919935   0.49204038   0.49548367   0.42299653   0.42863291   0.43735016   0.36949698   0.64063433   0.49574055   0.36304798   0.00000000   0.20957273   0.31808602   0.16983326   0.67375946   0.50447201   0.47505863   0.36378800   0.53203060   0.42633386  -0.11375952   0.81641108   0.84373703   0.89810814   0.16391014   0.21639218  -0.14409919  -0.06542653   0.15475758   0.14742923   0.15205993   0.44332453   0.36350987   0.40959120   0.10949461   0.66161113   0.46564522   0.77419037   0.78296256   0.59895676   0.31728231   0.31389901   0.30917053   0.48424010   0.37039366   0.08102540   0.64490625   0.57807734   0.73983077   0.73010324   0.83557994   0.69547804   0.32726961   0.22601328  -0.05840627   0.54740131   0.36977539   0.52703849   0.81247587   0.94019563   0.31467412   0.40903900  -0.14621744  -0.09363056   0.05814576   0.03708786   0.24299973   0.33699728   0.13419519   0.32663246   0.30370752   0.60213603   0.73656250   0.30683160   0.34153619   0.46729939   0.42425373   0.40486634   0.40050596   0.28920710   0.12898680   0.25910104   0.53282954   0.63962621   0.37019322   0.00000000  -0.04897363   0.19065358   0.09908543   0.64364598   0.49446044   0.39297980   0.37026968   0.53328994   0.10357802  -0.10773883   0.74478546   0.82428286   0.83882585   0.26386138   0.23560181  -0.18951817  -0.01983755  -0.06575049   0.00476869  -0.07236249   0.54207077   0.33278887   0.35988361   0.12040889   0.60833280   0.44642070   0.66958381   0.68950045   0.13468106   0.26106778   0.05240344   0.20965813   0.33282963
  0.30626339   0.18987526   0.24703569   0.58449022   0.28610388   0.36433438   0.53182966   0.58124632   0.61400390   0.45747004   0.25825757   0.66786924   0.74072582   0.50751079   0.32996926   0.33766143   1.00000000   0.90639221   0.34324573   0.36483745   0.30866999   0.22370780   0.62679711   0.59893497   0.26497553   0.37998685   0.20777022   0.33836503   0.44030619   0.32351941   0.32773520   0.79850676   0.84757639   0.69280528   0.82655082   0.40994297   0.23892270   0.50686331   0.66590105   0.36383411   0.60234124   0.00000000   0.27658718   0.38915256   0.33667564   0.51306703   0.56096942   0.77569997   0.93861560   0.64555490   0.58373818  -0.00902908   0.50703683   0.28008264   0.32814215   0.19328892   0.18546900   0.29201353   0.22871466   0.08573902   0.37194437   0.50347242   0.68081143   0.43534879   0.51614632   0.26391194   0.69764883   0.38553794   0.55525525   0.39744251   0.33754804   0.30230814   0.45208271   0.46200363   0.69270482   0.47232501   0.05036651   0.34132898   0.53148896   0.32972123   0.31316651   0.46530422   0.61323823   0.57148846   0.47931608   0.16902289   0.50845307   0.58029170   0.49432390   0.24981529   0.28795791   0.70876449   0.66515683   0.16498208   0.16343197   0.17274739   0.28353069   0.35876206   0.64806009   0.21308760   0.42170176   0.22477602   0.46289752   0.40654679   0.29365117   0.37301894   0.78511160   0.65160894   0.62716155   0.64307748   0.46735045   0.32977862   0.39904672   0.49059131   0.35101669   0.53344976   0.00000000   0.20527781   0.30179990   0.38468170   0.46836169   0.53537280   0.59616336   0.65727914   0.44390690   0.18119250   0.04942023   0.37101459   0.20849508   0.26929328   0.35925796   0.24024009   0.08363712   0.19411850   0.13852050   0.10482393   0.21535477   0.37141018   0.41672912   0.57471528   0.20719898   0.51954401   0.40907457   0.34838853   0.36984273   0.00330466   0.36342549   0.24562599   0.38530213   0.59928319
  0.47000693   0.14627730   0.16862678   0.39289849   0.43556146   0.56217078   0.62894292   0.54710702   0.50146079   0.28996525   0.25182773   0.67567458   0.80221860   0.56738649   0.36709954   0.43626663   0.90639221   1.00000000   0.40894118   0.36168090   0.12420210   0.11834225   0.47251737   0.69477027   0.20694994   0.18330107   0.09102599   0.20385255   0.32625516   0.21232015   0.49922978   0.81332746   0.73808329   0.60741306   0.80202944   0.26246653   0.18189023   0.41389813   0.74363454   0.40640369   0.42253436   0.00000000   0.26253468   0.30019062   0.21077992   0.39191056   0.43365169   0.93178247   0.85837565   0.63466631   0.57023801  -0.04232686   0.55885481   0.35942869   0.36202810   0.00084682   0.09917666   0.32180270   0.21003781   0.03560515   0.21358518   0.30914426   0.79149319   0.48519537   0.66719890   0.17111695   0.72776139   0.22324666   0.51518720   0.37937444   0.52757226   0.15955721   0.38732846   0.33334281   0.52956217   0.62771106   0.00885835   0.31553583   0.62265071   0.54577612   0.57544014   0.62171580   0.67841037   0.47372057   0.30804164   0.21184824   0.67081223   0.68085714   0.63822971   0.45923419   0.46312423   0.77124283   0.79854335   0.10594481   0.16292045   0.14959008   0.19555727   0.22772341   0.70580388   0.24977586   0.53918637   0.24514352   0.46791160   0.53190093   0.24481272   0.53768799   0.85671551   0.74638863   0.66933134   0.73212167   0.58589878   0.19681472   0.31867293   0.65673156   0.53693431   0.60110190   0.00000000   0.16779669   0.17811878   0.31160825   0.57394596   0.50465214   0.76631273   0.74353808   0.62849883   0.10194439   0.06597041   0.54303029   0.42578393   0.46958079   0.42762529   0.30678939   0.09719561   0.18678737   0.10616919   0.05062771   0.17918641   0.50843703   0.51816101   0.70436263   0.20900755   0.58586246   0.50848065   0.54071471   0.53636367   0.09000707   0.26170357   0.13700267   0.40704811   0.66176755
  0.12114757   0.40670248   0.07563082  -0.18524093   0.11461063   0.11153458   0.03543325   0.01986767   0.30796212   0.25991421   0.59919018   0.07725147   0.26734024   0.10101400  -0.11158144   0.00857446   0.34324573   0.40894118   1.00000000   0.82324949   0.27743361   0.32567471   0.26375055   0.31558560   0.34588212  -0.11916132   0.27820491  -0.27042194  -0.17255255   0.32616354   0.24891822   0.32318455   0.13817093   0.17227672   0.31596525  -0.12694952   0.05844746   0.17415453   0.22944040  -0.01891337  -0.01808830   0.00000000   0.47782218   0.15579868   0.39576628  -0.19288647   0.16817475   0.42381934   0.32664047   0.05023485   0.24415847   0.34361716   0.04157519  -0.09187268  -0.15176311  -0.18502570   0.16841815   0.85195512   0.60615969   0.40047596   0.24801654   0.28810023   0.44715910   0.07162934   0.33039132   0.33505674   0.33742501  -0.14596242  -0.14844842  -0.20253541   0.16681495   0.09277965   0.33776139   0.14839534   0.06877136   0.51024387   0.39700441   0.08764209   0.46865243   0.34194577   0.31884034   0.29476954   0.30636057   0.36015585   0.32154095   0.58368443   0.60395568   0.66583824   0.54808970   0.32812848   0.16665348   0.50482986   0.58085548   0.46530636   0.55342074   0.52018874   0.44241805   0.12585410   0.51815135   0.45291560   0.54537932   0.37793721   0.34817650   0.29682908   0.32909117   0.37735293   0.44474637   0.60864572   0.56748860   0.54027453   0.60768852   0.11619278   0.34319656   0.58273679   0.41940205   0.44838582   0.00000000   0.57078218   0.10322981   0.47742545   0.34401399   0.35960610   0.61489510   0.53096160   0.51195548   0.07757450   0.54159697   0.41557695   0.28274471   0.26777089   0.53160304   0.43189696   0.59369460   0.51061113   0.40135337   0.47600194   0.46728526   0.40026348   0.29861612   0.54576669   0.45323118   0.32407244   0.48671382   0.40829695   0.36038362   0.08996457   0.25865725   0.14564703   0.57668688   0.62121898
  0.04782639   0.22391407  -0.00759652  -0.07988993   0.06080907   0.04304650  -0.01048659   0.02994625   0.34165062   0.13113782   0.70232082   0.12024039   0.31073628   0.09085071  -0.07467540  -0.07707180   0.36483745   0.36168090   0.82324949   1.00000000   0.20150640   0.26828010   0.11825152   0.28502700   0.28704283   0.04894698   0.24258763  -0.10814082  -0.10847614   0.25968303   0.23602545   0.29043401   0.16680197   0.08948851   0.20406973  -0.06336107  -0.20131655   0.03809051   0.18305731  -0.02831064   0.08260172   0.00000000   0.32292874  -0.06593623   0.43093793  -0.12729979   0.22180550   0.34845728   0.30903802   0.12816879  -0.02862583   0.35564915   0.04784993  -0.07419347  -0.11323218  -0.02657098   0.20080158   0.85363663   0.69226303   0.35432024   0.25449696   0.31741288   0.44377656  -0.00805197   0.27965699   0.41591620   0.36343863   0.00269181  -0.10623383  -0.13160284   0.08908062   0.17170291   0.12701182   0.11811216   0.02391043   0.51035612   0.32105047  -0.02339248   0.27451591   0.22152365   0.13723334   0.13555278   0.20445121   0.45456826   0.31291661   0.59751801   0.44227792   0.51823735   0.41946705   0.11776877  -0.01111376   0.47800196   0.52156815   0.61253425   0.70940373   0.41256438   0.47825375   0.05604330   0.51801321   0.38771362   0.42500816   0.29909432   0.14890565   0.14156372   0.24244545   0.29506516   0.37248603   0.42877341   0.38593977   0.32569262   0.39064648   0.01504658   0.23004009   0.45215814   0.28299843   0.32127843   0.00000000   0.59281882   0.03626027   0.48621364   0.15526510   0.36210617   0.53149461   0.37905908   0.37334706  -0.03268013   0.58977317   0.19965288   0.09325032   0.05507765   0.42267786   0.29992749   0.62438208   0.55728438   0.39100366   0.40715222   0.47944313   0.26629372   0.12908686   0.50275309   0.41494478   0.34252657   0.35011954   0.16273295   0.20118015  -0.05321918   0.32229218   0.17322612   0.44554536   0.43066924
