  1.00000000   0.10474544   0.33265482   0.57574832   0.82299020   0.86095751   0.47416802   0.59245499   0.69327872   0.48526864   0.20215130   0.48900575   0.74464862   0.64073054   0.73369336   0.73923036   0.57313431   0.67736427  -0.06032322   0.16697264   0.49319271   0.25641044   0.36235321   0.72952779   0.60294953   0.39359016   0.37822372   0.48185563   0.50513604   0.55165938   0.70733015   0.48936051   0.69663923   0.42759292   0.44660590   0.53638022   0.36236161   0.42989744   0.55533727   0.57326771   0.67294067   0.00000000  -0.15037990   0.19395402   0.37076496   0.56403336   0.41428612   0.78662229   0.66549044   0.58731629   0.55045645   0.34639369   0.54413836   0.73076751   0.62565902   0.61022317   0.42917685   0.13903743   0.26005247   0.36672237   0.37944986   0.39359472   0.72407075   0.71436661   0.81726630   0.41509316   0.65036758   0.40279697   0.40336596   0.37500944   0.78441631   0.69324068   0.41412509   0.64825031   0.68402247   0.82270741   0.10828919   0.34860606   0.45045025   0.80935111   0.83376189   0.44098450   0.56827608   0.71482743   0.62817147   0.31402090   0.48143104   0.54528423   0.48578954   0.63381660   0.70898837   0.48462291   0.53021434   0.24803152   0.19355288   0.40452897   0.33232678   0.30520633   0.77306059   0.63644561   0.36131130   0.38153586   0.52660674   0.48675006   0.53341722   0.72331770   0.53817970   0.61622655   0.38483053   0.14275859   0.47754756   0.31143144   0.47598348   0.48869528   0.62091586   0.56279790   0.00000000   0.14992665   0.09174039   0.36943396   0.56384845   0.39762760   0.61671480   0.64095424   0.44279196   0.31830811   0.46909975   0.64546322   0.61141190   0.66247265   0.38174034   0.40876366   0.20198751   0.27967875   0.42170071   0.37799689   0.44534045   0.66752569   0.73079134   0.75435657   0.45346396   0.72699193   0.42425788   0.48154516   0.46127338   0.69284262   0.67458837   0.48383072   0.66019234   0.51092475
  0.10474544   1.00000000   0.21983002   0.21362274   0.17145373   0.07748840   0.25688622   0.13176216   0.20009149   0.37492500   0.29570004   0.30460603   0.18112002   0.28236465   0.17791199   0.22876546   0.24395245   0.26534308   0.40139246   0.40232717   0.35338663   0.39956879   0.45644240   0.20708556   0.26560895   0.12707128   0.21958436   0.24456749   0.26060469   0.23039786   0.07966458   0.07904302   0.23663068   0.28460673   0.22230364   0.25618056   0.26570052   0.26349168   0.17979187   0.22614819   0.26576921   0.00000000   0.30200283   0.24173117   0.46488289   0.26052923   0.17915541   0.11610114   0.22995220   0.18685721   0.34946719   0.45050616   0.25473952   0.05376710   0.22494064   0.24864628   0.24144350   0.20636150   0.35690965   0.33809709   0.30550188   0.34806842   0.14440812  -0.02206513   0.14684186   0.32343347   0.25936396   0.19919278   0.20263346   0.17207824   0.03087322   0.18688208   0.23683252   0.21847864   0.24144113   0.11704835   0.33256730   0.19029102   0.11151175   0.17228656   0.12952633   0.24450092   0.13192762   0.20832936   0.36867082   0.31270643   0.26716193   0.20336344   0.22867239   0.20477420   0.12468074   0.17624347   0.14243423   0.08776405   0.35128428   0.38432198   0.38343930   0.19226653   0.31075686   0.16817265   0.06786392   0.23378173   0.19902586   0.24039500   0.20755170   0.04471157   0.15116335   0.30870790   0.32514346   0.18631902   0.22968822   0.26682388   0.16343004   0.11186103   0.16237532   0.20289021   0.00000000   0.43446834   0.13660578   0.41431161   0.27998713   0.20215652   0.10201235   0.15115259   0.10348585   0.24932004   0.39753249   0.21009019   0.02835173   0.21264128   0.11608225   0.27653851   0.25266590   0.32523752   0.22301515   0.26584515   0.37894271   0.08525618   0.16507631   0.25217254   0.30824119   0.28570823   0.25750234   0.23529574   0.23624583   0.04903125   0.13989205   0.27317427   0.17280499   0.31247040
  0.33265482   0.21983002   1.00000000   0.60067131   0.36613465   0.34019366   0.68358653   0.68688813   0.24473931   0.41904407   0.18894093   0.61883717   0.12351218   0.31638789   0.52521476   0.64810109   0.53824448   0.49053885   0.17918039   0.42986762   0.44695858   0.31803800   0.25340801   0.26201624   0.53660701   0.76133841   0.67423483   0.76357517   0.77400742   0.69169532   0.04708038   0.22906813   0.58955630   0.38565081   0.19055107   0.52178765   0.61955135   0.53717545   0.04045173   0.33789276   0.61703951   0.00000000   0.08881219   0.07902007   0.43655909   0.73134236   0.83768387   0.32225478   0.60467839   0.63659695   0.51961398   0.44998915   0.51900899   0.47511718   0.58508311   0.45627248   0.56187560   0.31644967   0.47251681   0.40949917   0.51730265   0.41360835   0.14244126   0.09070821   0.41902134   0.47111784   0.41734742   0.86961421   0.63822966   0.78528549   0.18304892   0.48582900   0.68121741   0.55380354   0.45944454   0.31933923   0.18452447   0.95369458   0.41452803   0.39056930   0.41841784   0.79303089   0.63339651   0.28341653   0.51065308   0.47623822   0.63778347   0.35904927   0.43965087   0.56233508   0.69487536   0.53872818   0.45708849   0.36881600   0.39554031   0.30313293   0.46015039   0.08873974   0.44200765   0.59794994   0.72738393   0.73588621   0.74480337   0.70538817   0.69309830   0.20125964   0.30541597   0.51131406   0.47633919   0.10778083   0.67174414   0.56466586   0.50514472   0.32429421   0.33818220   0.77227992   0.00000000   0.27322999  -0.20350807   0.56196647   0.67492460   0.87573620   0.37183005   0.57964825   0.49411633   0.30377658   0.46640248   0.49899431   0.50291222   0.66410252   0.47387570   0.63503686   0.40329308   0.40336175   0.61376952   0.48155582   0.42230037   0.23434739   0.35271176   0.37998849   0.49975595   0.53662689   0.81388602   0.61277845   0.78981436   0.25605686   0.50613442   0.58273716   0.54779295   0.36222973
  0.57574832   0.21362274   0.60067131   1.00000000   0.44137245   0.52214725   0.68839585   0.68909715   0.28500225   0.35073378   0.33018798   0.67847780   0.34117233   0.51623040   0.57051053   0.59014822   0.77915118   0.62565044   0.12426784   0.43846404   0.50849438   0.40711181   0.30483968   0.43825551   0.39598572   0.68754640   0.58987929   0.67197680   0.80269982   0.61040019   0.26828656   0.24341787   0.66596283   0.28329945   0.28241345   0.54356706   0.48365133   0.35391416   0.14683266   0.46286874   0.66690014   0.00000000  -0.09171767   0.08450103   0.56508608   0.88471549   0.65204170   0.57701941   0.68499449   0.77896461   0.63214127   0.46962933   0.56781912   0.65363532   0.53434623   0.38826383   0.55847083   0.26960326   0.47048831   0.37573527   0.53085583   0.52616173   0.33736131   0.28417287   0.69493559   0.51006610   0.41636534   0.68932627   0.62764966   0.65596792   0.45778204   0.43124438   0.48040210   0.48560972   0.62670408   0.59416560   0.14064814   0.55119065   0.82922641   0.50062476   0.59557300   0.62889688   0.64607114   0.35879737   0.50949897   0.52337043   0.75399136   0.52399337   0.63337513   0.60204762   0.60744996   0.73923184   0.69454345   0.32951129   0.36489785   0.40324746   0.51894451   0.27256998   0.56012824   0.56591090   0.70165164   0.61615637   0.79989409   0.85499096   0.64074610   0.45809030   0.28399064   0.60452530   0.33756568   0.06169785   0.64909058   0.44964085   0.36572603   0.58785193   0.51114894   0.73189583   0.00000000   0.33384031  -0.17744213   0.61527278   0.86414717   0.66279334   0.59191343   0.61749325   0.67709114   0.47094242   0.53618234   0.59744883   0.66111345   0.63196429   0.59863624   0.56615995   0.39706925   0.38157777   0.55931679   0.52137310   0.52811589   0.58842077   0.46083481   0.59880204   0.53461120   0.54548984   0.68391922   0.67581126   0.69769307   0.47749101   0.57548902   0.45890152   0.49295795   0.47895666
  0.82299020   0.17145373   0.36613465   0.44137245   1.00000000   0.84773956   0.47059282   0.61161809   0.75380640   0.56521929   0.05040031   0.42730733   0.75307962   0.62276213   0.74177617   0.86579790   0.50197220   0.59622513  -0.03570977   0.09236769   0.33341600   0.09579869   0.37507670   0.69834467   0.62315924   0.31390344   0.26905386   0.53957852   0.46534552   0.48336233   0.57121058   0.55330158   0.63699667   0.49685909   0.43967677   0.56899500   0.25429508   0.37973659   0.66512299   0.60964901   0.65843666   0.00000000   0.12105290   0.25581930   0.25752355   0.53084654   0.38049227   0.59827743   0.58444120   0.53753087   0.49773978   0.22109301   0.41481475   0.70774457   0.63783580   0.66646712   0.26575944   0.04920945   0.11210178   0.22901633   0.20894520   0.22208441   0.66058438   0.60175225   0.65867542   0.26333944   0.67908981   0.37811170   0.26719581   0.32557923   0.55491866   0.69608907   0.33705675   0.65455574   0.68571960   0.70180487   0.18575686   0.38704522   0.31484944   0.79814714   0.71061876   0.38606890   0.57223897   0.71673455   0.60448004   0.16506730   0.35765358   0.48167685   0.36282743   0.51137787   0.77739139   0.44244371   0.39388202   0.15109567   0.11609398   0.32436148   0.17653223   0.17272112   0.66309490   0.52444885   0.28493054   0.31949825   0.50229506   0.43235567   0.41698019   0.57131977   0.52147377   0.54028690   0.37850042   0.11216348   0.44059007   0.28980626   0.53365478   0.43194972   0.61593876   0.54562750   0.00000000   0.22832837   0.07733151   0.24601840   0.54517759   0.37382154   0.38211604   0.63581966   0.33517769   0.25444109   0.34563872   0.47063037   0.46714208   0.60060104   0.23403149   0.29676522   0.09207300   0.15423005   0.29410949   0.26264032   0.26473471   0.51796094   0.63197098   0.56832961   0.29813497   0.72948282   0.42809003   0.32635530   0.45587273   0.42496691   0.57531265   0.39320748   0.61750063   0.47145045
  0.86095751   0.07748840   0.34019366   0.52214725   0.84773956   1.00000000   0.55090582   0.64038003   0.77142608   0.64232103   0.17629087   0.50208538   0.71360292   0.64706002   0.71729795   0.82021640   0.61653984   0.70313884  -0.02067382   0.16676928   0.43292859   0.21648388   0.28497793   0.65004084   0.57952075   0.32109164   0.37236005   0.48915585   0.49748018   0.54247460   0.68851137   0.61930724   0.68065897   0.46160073   0.52301784   0.48228527   0.35658683   0.40670697   0.57338317   0.60602431   0.67588340   0.00000000  -0.08005387   0.23308311   0.33473098   0.54111208   0.41471709   0.75572055   0.64488857   0.61202481   0.50388508   0.31033831   0.50379081   0.72539281   0.68863474   0.53262530   0.39108120   0.15660226   0.21062461   0.32186939   0.29837312   0.36275732   0.64764317   0.74881966   0.79953094   0.38715167   0.77618064   0.36562603   0.38384451   0.36755097   0.80325198   0.71529941   0.40477508   0.59571060   0.63656181   0.71360289   0.20743457   0.35499876   0.42165766   0.76887121   0.88438553   0.39857514   0.57905905   0.75474506   0.70534941   0.26910548   0.42808078   0.45682502   0.43213300   0.54875886   0.71588709   0.52339817   0.52509043   0.25195589   0.21167011   0.36214492   0.30140068   0.29921152   0.65042644   0.56666241   0.32867646   0.39614885   0.49424799   0.47549628   0.51311812   0.70167891   0.66492852   0.57724084   0.37484361   0.11146175   0.43578110   0.26468089   0.46453427   0.48092877   0.66596146   0.55972379   0.00000000   0.08299388   0.03978615   0.33279105   0.53317626   0.38081047   0.50209116   0.67263621   0.40787250   0.24015239   0.45599425   0.57642037   0.55007175   0.63996468   0.28703515   0.40100647   0.19910418   0.27567995   0.36025079   0.32861408   0.40458831   0.55841363   0.80460538   0.68249430   0.44160401   0.79731559   0.38635880   0.41838008   0.44895733   0.62416108   0.66783181   0.36996742   0.59194057   0.49278379
  0.47416802   0.25688622   0.68358653   0.68839585   0.47059282   0.55090582   1.00000000   0.84254931   0.30942299   0.34655470   0.35236743   0.89742863   0.32570453   0.62182895   0.75694204   0.74102866   0.72888082   0.79101998   0.22275693   0.48257046   0.60793030   0.45248960   0.27062300   0.43332886   0.50664658   0.80612381   0.70860163   0.78239366   0.85040165   0.74320534   0.10811577   0.33889902   0.70887081   0.49752393   0.44240546   0.71853622   0.66365325   0.59740563   0.29547230   0.68679508   0.72424284   0.00000000   0.00145137   0.19985400   0.48190334   0.80039411   0.80205693   0.54873602   0.78434042   0.80707523   0.61417976   0.50826714   0.69603231   0.75575004   0.74512305   0.46807887   0.67931665   0.36581710   0.47953698   0.54765237   0.64192744   0.50592203   0.34584781   0.28248164   0.63173805   0.55684463   0.46832288   0.78096226   0.77792206   0.83417550   0.24058329   0.53490002   0.67866363   0.62979332   0.60306872   0.40649608   0.27266627   0.63775739   0.55441766   0.48622770   0.57468411   0.83742523   0.80081116   0.36452761   0.47894123   0.51914022   0.80387246   0.53909639   0.68642680   0.68393375   0.71146091   0.70006985   0.67779078   0.37464207   0.51556098   0.50570795   0.52669655   0.10814528   0.52296584   0.60019443   0.75427185   0.77246792   0.82526705   0.81022658   0.72038677   0.24368520   0.49158024   0.66759902   0.45365631   0.14264124   0.76284855   0.50532961   0.48288279   0.66707677   0.62473164   0.81292479   0.00000000   0.19934115  -0.14310994   0.59064033   0.80142265   0.78911346   0.60428493   0.76300315   0.71253205   0.25685233   0.52265048   0.62728395   0.70978162   0.72048695   0.56831713   0.71594298   0.43039045   0.48404996   0.71101783   0.59684028   0.50560192   0.45943349   0.50628273   0.45611694   0.60285814   0.56889234   0.81712026   0.75902804   0.82520975   0.27780517   0.57077765   0.44712653   0.61571855   0.53072237
  0.59245499   0.13176216   0.68688813   0.68909715   0.61161809   0.64038003   0.84254931   1.00000000   0.51565950   0.42391938   0.16318742   0.71870660   0.36565653   0.49742418   0.76881661   0.80080090   0.69919926   0.73715928   0.14399813   0.34258808   0.55888438   0.26861037   0.21263938   0.46241170   0.60923506   0.79332028   0.68708388   0.84597217   0.84082548   0.77683233   0.22148007   0.46029727   0.72067391   0.49119947   0.43991168   0.65544218   0.65859737   0.64159817   0.29275364   0.64498333   0.79475133   0.00000000   0.01359859   0.19576966   0.35972021   0.84845779   0.83788890   0.54545290   0.78671715   0.77555859   0.59250323   0.42639632   0.57603830   0.74549768   0.74468069   0.60551591   0.64142766   0.40887425   0.40923811   0.54527999   0.58861521   0.42133057   0.33415155   0.35081236   0.63610718   0.52980302   0.60404209   0.80815862   0.66457330   0.83385550   0.35564516   0.66854473   0.71564887   0.75367677   0.60562746   0.57585830   0.15653657   0.66382234   0.51854659   0.64690453   0.69007003   0.79477723   0.93135837   0.59481968   0.51360800   0.43318015   0.71016967   0.51998122   0.58508458   0.72778740   0.86390016   0.65909574   0.67785081   0.45579329   0.45346970   0.40161517   0.40013045   0.06089170   0.58313446   0.73212139   0.75346214   0.75504302   0.84326459   0.78196835   0.78004300   0.34953537   0.52379529   0.61012049   0.52263441   0.04573120   0.72561688   0.50078284   0.63536827   0.60195910   0.64309975   0.81313201   0.00000000   0.16017980  -0.16967946   0.45189583   0.80876265   0.80515437   0.62543969   0.80228428   0.66317661   0.26755863   0.45827029   0.63937273   0.76333025   0.78063022   0.61807907   0.70199852   0.44000925   0.43454028   0.72819275   0.55422277   0.44441071   0.48743249   0.61118247   0.48236111   0.60229464   0.68891044   0.81402034   0.70844449   0.81550991   0.35930115   0.71001478   0.54200741   0.77649089   0.48297044
  0.69327872   0.20009149   0.24473931   0.28500225   0.75380640   0.77142608   0.30942299   0.51565950   1.00000000   0.77134158   0.13413454   0.29080315   0.65355753   0.50061948   0.63728914   0.69514711   0.23668868   0.41225537   0.12096517   0.18105473   0.29730552   0.15947850   0.18048459   0.57180494   0.75728630   0.19291488   0.34459129   0.44460513   0.38674765   0.55955140   0.68862525   0.60450957   0.44651480   0.53000252   0.44613872   0.35603731   0.27545895   0.50326452   0.54143611   0.44402943   0.56158698   0.00000000   0.13163836   0.22783576   0.31648697   0.40177806   0.33275099   0.45188431   0.41694089   0.28476574   0.27531476   0.25672580   0.43979189   0.37843717   0.61152476   0.70319944   0.41786913   0.25251922   0.28432222   0.27572107   0.13366088   0.26518924   0.57064928   0.67719193   0.57419540   0.44067833   0.85804247   0.31448410   0.31172936   0.26717485   0.63335263   0.84752608   0.35397881   0.67704665   0.40258824   0.55458228   0.13165779   0.27017372   0.08020826   0.71602764   0.73722499   0.25294964   0.46946120   0.94257902   0.73245760   0.24790668   0.13432676   0.22218318   0.12508494   0.51081832   0.61853547   0.15712992   0.21163683   0.29195461   0.24874780   0.14010137   0.24038523   0.24134962   0.57011767   0.61562139   0.07710300   0.31134854   0.24569215   0.25128903   0.50858466   0.62663333   0.58293780   0.32930980   0.36684586  -0.00820184   0.15418962   0.20410184   0.59609560   0.08342436   0.44149569   0.27795744   0.00000000   0.04649750   0.14649585   0.23733936   0.29787631   0.27827204   0.32630917   0.40286083   0.00878101   0.03056663   0.31477111   0.51911096   0.27382225   0.56392501   0.20616327   0.39064737   0.21585691   0.30472939   0.19943532   0.10419330   0.32441022   0.25826711   0.68236753   0.57131757   0.46793659   0.84142111   0.21934640   0.26724889   0.25048079   0.52634776   0.70105340   0.48275602   0.62470710   0.28616906
  0.48526864   0.37492500   0.41904407   0.35073378   0.56521929   0.64232103   0.34655470   0.42391938   0.77134158   1.00000000   0.25335251   0.36282146   0.47012189   0.47889921   0.50309359   0.62009563   0.30765694   0.38934200   0.21901224   0.34233581   0.43584440   0.41684792   0.31172355   0.40549844   0.70291168   0.23681685   0.45093238   0.45480071   0.45755492   0.56825717   0.51088188   0.43751106   0.50589578   0.53177508   0.38382143   0.34499994   0.42050179   0.50571143   0.33042440   0.33718053   0.52053328   0.00000000   0.21323221   0.27206008   0.55559565   0.44380606   0.36493954   0.33784219   0.43283734   0.34175586   0.34145620   0.47954264   0.50026966   0.26323744   0.59477454   0.50421405   0.46663978   0.29247743   0.45269626   0.38721146   0.29099265   0.48248656   0.44546357   0.42842072   0.50365113   0.55779295   0.86718743   0.39765737   0.41661713   0.32715009   0.57631511   0.73597768   0.43926620   0.56651509   0.43070012   0.38349142   0.30168028   0.39341618   0.10257821   0.51975705   0.62086385   0.33067340   0.34960964   0.71041741   0.90169997   0.41469008   0.21588207   0.15087868   0.14799996   0.41244268   0.49688780   0.24045420   0.23159267   0.31432243   0.37254948   0.21190295   0.48784833   0.29946335   0.47648464   0.49795381   0.12526037   0.40677636   0.25694640   0.32779510   0.51247313   0.45969122   0.43267187   0.42732102   0.43454894   0.05195963   0.24761135   0.36627031   0.46875740   0.04979933   0.31545258   0.33647829   0.00000000   0.14504079   0.09461102   0.49649080   0.33255166   0.34954611   0.23022654   0.35490482   0.00828780   0.19772046   0.53789002   0.47756564   0.17909659   0.52829423   0.12293843   0.46198285   0.39230013   0.44390734   0.25543656   0.26299602   0.51715541   0.15489501   0.55645790   0.53768045   0.55073923   0.82340521   0.28697111   0.32720197   0.34850802   0.47686376   0.60394895   0.52917877   0.44650187   0.40150750
  0.20215130   0.29570004   0.18894093   0.33018798   0.05040031   0.17629087   0.35236743   0.16318742   0.13413454   0.25335251   1.00000000   0.37941450   0.20649739   0.37578362   0.28249468   0.16779017   0.23067727   0.21041394   0.16501080   0.72486822   0.53600077   0.65931946   0.12604078   0.18636502   0.36868694   0.25037368   0.55837534   0.26308397   0.42274719   0.48639995   0.16806175  -0.02179688   0.21928402   0.22655030   0.22012340   0.18858235   0.39241292   0.35178760   0.06624419   0.21441502   0.22731103   0.00000000  -0.13460580   0.06940746   0.71125247   0.31607472   0.25502448   0.12124756   0.24074788   0.16820984   0.22453203   0.50922956   0.45747978   0.13953689   0.33218782   0.12750190   0.56245996   0.34401231   0.64306131   0.51459685   0.45437892   0.61858837   0.20180091   0.12046854   0.36482131   0.63127863   0.25371320   0.25865936   0.42312707   0.31957073   0.24924583   0.34323062   0.28524783   0.32517735   0.16885633   0.06955133   0.23163401   0.12829723   0.22342720   0.12070831   0.23326519   0.26621365   0.23765036   0.14405938   0.39661203   0.68696858   0.31319676   0.12075931   0.29099395   0.31866884   0.07975973   0.20791601   0.18131415   0.42433844   0.62599404   0.51638269   0.63364530   0.12615413   0.17867794   0.27477095   0.17970071   0.47880732   0.30170356   0.38654444   0.44130398   0.23265602   0.12897965   0.24180368   0.01901718  -0.05249725   0.19010760   0.33526869   0.09757341   0.15454895   0.15303398   0.18142048   0.00000000   0.18073234  -0.11966301   0.64405844   0.30863178   0.28082485   0.27967186   0.16491274   0.13425096   0.15509362   0.56685519   0.35217594   0.22076039   0.28178441   0.13905211   0.49516394   0.51394230   0.64733193   0.39403459   0.38791492   0.55627670   0.12645483   0.17688984   0.36116436   0.60041004   0.29064429   0.21859316   0.41601050   0.26276984   0.22751147   0.33855969   0.27187503   0.19245689   0.18891521
  0.48900575   0.30460603   0.61883717   0.67847780   0.42730733   0.50208538   0.89742863   0.71870660   0.29080315   0.36282146   0.37941450   1.00000000   0.43645119   0.78450391   0.77606307   0.71293924   0.72389216   0.80121996   0.18310946   0.48537368   0.63081068   0.48666824   0.30904002   0.46751002   0.51473963   0.79537964   0.68921078   0.71299840   0.79744154   0.72275614   0.13116877   0.29396424   0.70832009   0.51589942   0.43897717   0.78144953   0.69780785   0.61652409   0.41393721   0.77568235   0.73118526   0.00000000  -0.01202174   0.18830084   0.48912254   0.73072919   0.70419057   0.60773455   0.79781500   0.82427717   0.62876618   0.53680043   0.78394397   0.72714463   0.73518469   0.44433511   0.71726609   0.29868316   0.48764410   0.53391088   0.66677143   0.53096741   0.48317586   0.27373194   0.64501404   0.54807635   0.47612795   0.73243665   0.82863815   0.77768587   0.23369854   0.52473544   0.70114204   0.61517138   0.60785130   0.40892922   0.21576265   0.54043947   0.55096588   0.46839958   0.53894950   0.75774215   0.68500834   0.34122234   0.48061861   0.50944108   0.78522739   0.54745279   0.72479109   0.68291689   0.63998679   0.70823649   0.69887973   0.34180102   0.47903812   0.50713227   0.53318770   0.15239537   0.53940063   0.56443443   0.70150427   0.72279569   0.76460513   0.75699320   0.66786042   0.23242783   0.38743465   0.70552820   0.41097782   0.16063746   0.71838750   0.49693950   0.50385045   0.66222951   0.67024654   0.77453124   0.00000000   0.16309663  -0.12201800   0.59070317   0.75005227   0.70239912   0.60515729   0.73283297   0.70071830   0.27340158   0.50995075   0.66877990   0.66494909   0.70948498   0.55029395   0.68892027   0.36508514   0.46821910   0.63796387   0.55505073   0.50143909   0.48273087   0.45094141   0.47764218   0.57372459   0.53921353   0.76848986   0.74240924   0.77293318   0.27649738   0.55088902   0.49961082   0.56974230   0.58896098
  0.74464862   0.18112002   0.12351218   0.34117233   0.75307962   0.71360292   0.32570453   0.36565653   0.65355753   0.47012189   0.20649739   0.43645119   1.00000000   0.81295977   0.64381269   0.69119643   0.43045282   0.53616298   0.06549390   0.10692016   0.33220349   0.15237928   0.38186309   0.73947719   0.52512842   0.16721514   0.18924442   0.30706316   0.31022449   0.35123113   0.57163456   0.39932760   0.46117682   0.38935091   0.35470797   0.48336845   0.20555453   0.34517131   0.89187171   0.53750799   0.53774701   0.00000000   0.00740689   0.19214887   0.30317363   0.34561553   0.10282334   0.61689103   0.42057271   0.37740947   0.44318811   0.19685204   0.45026286   0.51023492   0.47763310   0.52516541   0.26943395   0.04935291   0.14563305   0.18656864   0.19169525   0.23867659   0.83967762   0.61746593   0.65164285   0.23504903   0.61962438   0.18577310   0.22401525   0.13825290   0.51536376   0.54739243   0.24818906   0.49681587   0.52803834   0.61736852   0.13870764   0.11207235   0.34584791   0.68388850   0.58199309   0.17196106   0.34724832   0.57501923   0.50607990   0.20232546   0.29335507   0.51872413   0.41545308   0.47362623   0.51081947   0.39469280   0.32032354   0.13206596   0.08729217   0.35001716   0.19890533   0.32703089   0.66758694   0.40466643   0.16525575   0.18865532   0.34119974   0.32924674   0.24331797   0.55336781   0.37512676   0.50060870   0.29013630   0.26663897   0.27293096   0.15695424   0.41570742   0.37403712   0.64861117   0.40812293   0.00000000   0.19612752   0.26716436   0.25478009   0.40771971   0.13239649   0.34487821   0.53622521   0.25472525   0.23307311   0.37647930   0.46629195   0.31028942   0.45149591   0.17262212   0.21986325   0.05890837   0.15526778   0.19946099   0.20086984   0.30599926   0.52879586   0.49632150   0.53131371   0.23467454   0.53177065   0.25506491   0.26623126   0.27906427   0.37692223   0.39083115   0.33040923   0.46534703   0.42943056
  0.64073054   0.28236465   0.31638789   0.51623040   0.62276213   0.64706002   0.62182895   0.49742418   0.50061948   0.47889921   0.37578362   0.78450391   0.81295977   1.00000000   0.77117827   0.73444274   0.58451010   0.70695531   0.10579471   0.32295269   0.51539309   0.39454264   0.38502798   0.68761991   0.55090394   0.44923597   0.43859699   0.46868594   0.54350744   0.54319016   0.37002301   0.37718944   0.58981155   0.50580099   0.45127859   0.68044804   0.46118515   0.46979347   0.73862766   0.68638485   0.60003501   0.00000000   0.03739239   0.20861330   0.47716856   0.52455532   0.34773655   0.64650642   0.62544080   0.59653880   0.53260817   0.41190501   0.72473410   0.65356439   0.65324869   0.46664742   0.52633867   0.13676736   0.33975663   0.35312566   0.45001638   0.44169295   0.80167776   0.47552997   0.74006678   0.43397022   0.59556692   0.39978377   0.57371720   0.39505439   0.39343832   0.55070705   0.44932877   0.54825151   0.58957703   0.51845971   0.22244572   0.25886643   0.46561981   0.57051954   0.57061200   0.41776909   0.46250243   0.45061270   0.52977025   0.38222482   0.53987272   0.55860754   0.61320430   0.55532489   0.51993901   0.59544201   0.50381512   0.22572370   0.26300626   0.47125677   0.42420600   0.29964981   0.61281878   0.44158355   0.38309177   0.42923759   0.53016481   0.54160884   0.41284670   0.38677907   0.38062937   0.66592021   0.30558416   0.19634335   0.48645617   0.35354436   0.46900796   0.53384840   0.70638961   0.58395985   0.00000000   0.15548748   0.08262690   0.47719471   0.58146735   0.37683684   0.44357566   0.67056801   0.44630427   0.30063033   0.48574366   0.58779660   0.45116580   0.55180688   0.30002857   0.43095524   0.19217753   0.33354564   0.36376632   0.36833259   0.45562327   0.52545146   0.45459018   0.55543724   0.41425758   0.54715453   0.46567576   0.49571736   0.48725802   0.30918772   0.44723749   0.44014753   0.46796598   0.60535460
  0.73369336   0.17791199   0.52521476   0.57051053   0.74177617   0.71729795   0.75694204   0.76881661   0.63728914   0.50309359   0.28249468   0.77606307   0.64381269   0.77117827   1.00000000   0.88031086   0.57188223   0.72670317   0.08592114   0.32718387   0.58200487   0.37420692   0.27370948   0.63302012   0.80471971   0.67897777   0.65655947   0.77386308   0.77946980   0.78967113   0.33430439   0.52797196   0.73944186   0.69043698   0.58854314   0.82926597   0.62009155   0.72675652   0.57753700   0.71065448   0.75449534   0.00000000   0.00613965   0.34547351   0.39302465   0.73706565   0.62651614   0.60531835   0.79002318   0.68791935   0.52151135   0.42485221   0.80153128   0.80154463   0.88414908   0.79490928   0.69739639   0.28018075   0.40430156   0.49508301   0.50612729   0.45563825   0.68176531   0.52534326   0.71051764   0.55828206   0.63308111   0.67486079   0.74324559   0.71057434   0.37517908   0.78356346   0.63931009   0.84416600   0.68354393   0.61502428   0.16250344   0.51921742   0.33189764   0.78060398   0.70533826   0.66450635   0.76872294   0.63622667   0.61947294   0.43134070   0.58501118   0.48624903   0.53298081   0.81524655   0.82769208   0.49440232   0.51507369   0.36532834   0.43393135   0.41344670   0.43991265   0.13747600   0.66276847   0.74598631   0.51289260   0.65973145   0.68780718   0.66233777   0.69949775   0.43023080   0.58129991   0.62357043   0.39914469   0.08928584   0.55037081   0.51214659   0.70186647   0.49591733   0.68935143   0.63446752   0.00000000  -0.01331406  -0.01033962   0.47807786   0.69705470   0.62389831   0.60165994   0.71702125   0.46126078   0.13591860   0.44590359   0.76552223   0.69862137   0.82090365   0.50142857   0.64360276   0.30184312   0.44357969   0.51707362   0.40478204   0.44121494   0.54767785   0.62131304   0.56270006   0.57775853   0.71643721   0.65785905   0.67477641   0.70534346   0.35839226   0.70978713   0.59537945   0.75921284   0.52111398
  0.73923036   0.22876546   0.64810109   0.59014822   0.86579790   0.82021640   0.74102866   0.80080090   0.69514711   0.62009563   0.16779017   0.71293924   0.69119643   0.73444274   0.88031086   1.00000000   0.62924679   0.72505808   0.10479971   0.27509932   0.46913306   0.24255787   0.37638176   0.63768402   0.74077288   0.60476527   0.54810751   0.77845752   0.74701882   0.70362060   0.41479237   0.55782311   0.73642833   0.63718819   0.50843258   0.74711544   0.51335827   0.61180539   0.62984417   0.72483646   0.78527760   0.00000000   0.13585273   0.27286560   0.37830599   0.74126301   0.63806143   0.62109921   0.72944029   0.70079227   0.58595006   0.35843908   0.61014630   0.78425762   0.81857527   0.72953212   0.52068809   0.23340430   0.31321274   0.37918359   0.40191905   0.36373355   0.58697700   0.52793494   0.70282878   0.43655492   0.73375499   0.67833566   0.57079547   0.64362329   0.45582457   0.76337806   0.58842492   0.77662037   0.70451479   0.64107928   0.20554449   0.64357966   0.41687064   0.78258558   0.73426246   0.62413503   0.74073582   0.67125440   0.67694414   0.34615869   0.56765549   0.56194663   0.52249838   0.68107182   0.90506360   0.57538652   0.50348546   0.31750894   0.30524087   0.39024087   0.34968954   0.17768841   0.68026924   0.66154272   0.54352462   0.59794689   0.71754276   0.67855741   0.62685384   0.49361099   0.59097886   0.63196887   0.44357818   0.09978300   0.59273769   0.44754329   0.66501587   0.52770321   0.72649821   0.73811174   0.00000000   0.19137579  -0.05441995   0.43168655   0.72532618   0.64574411   0.46268432   0.75558960   0.46448602   0.27085723   0.45786760   0.61473717   0.60396973   0.77432299   0.41716401   0.54330176   0.27562413   0.33103114   0.50450266   0.38552705   0.39819820   0.48962766   0.65475238   0.54319791   0.46879293   0.77112690   0.69218386   0.54824795   0.72200947   0.37782304   0.66579843   0.52206480   0.71680863   0.52689915
  0.57313431   0.24395245   0.53824448   0.77915118   0.50197220   0.61653984   0.72888082   0.69919926   0.23668868   0.30765694   0.23067727   0.72389216   0.43045282   0.58451010   0.57188223   0.62924679   1.00000000   0.84142591   0.07084350   0.35995917   0.56487684   0.30548064   0.36109861   0.50303394   0.31379263   0.61704448   0.49245053   0.60051886   0.65764965   0.52107880   0.25426197   0.38809482   0.79720843   0.36552977   0.45636858   0.61579537   0.56914738   0.39180786   0.31792835   0.57108254   0.75861499   0.00000000  -0.14909832   0.23223754   0.37603739   0.71636556   0.59286786   0.71179685   0.79666851   0.87696428   0.69716925   0.44019824   0.53583357   0.74259163   0.58432836   0.31089755   0.47509469   0.12302673   0.29466487   0.42010755   0.57532744   0.45636459   0.43425184   0.36620402   0.71730989   0.34123789   0.44373675   0.57734422   0.53882932   0.60734185   0.45855425   0.37489106   0.55960283   0.45219221   0.73100247   0.59613766   0.27636275   0.49987036   0.74357095   0.54995990   0.63857773   0.60954629   0.64478886   0.32171481   0.43843728   0.33627718   0.77531249   0.58872768   0.71309728   0.57752290   0.60763744   0.83214770   0.78197167   0.25424790   0.31753818   0.55156732   0.40871644   0.21416471   0.57889471   0.49541100   0.66667819   0.57815584   0.76451803   0.72455314   0.54882635   0.40276415   0.39568912   0.72611888   0.49109788   0.32968719   0.73704014   0.43899405   0.34359989   0.70528705   0.68212732   0.81129468   0.00000000   0.25499064   0.03009819   0.48432136   0.79290227   0.59605882   0.58443501   0.79630352   0.80385707   0.42976706   0.52438673   0.57606552   0.69967568   0.61921674   0.52289183   0.52378774   0.29199836   0.30953396   0.57652932   0.59343153   0.45961464   0.65473804   0.52983216   0.55411252   0.43956078   0.53539209   0.68403450   0.62795896   0.67434858   0.40388467   0.50689935   0.37301939   0.50752128   0.62778414
  0.67736427   0.26534308   0.49053885   0.62565044   0.59622513   0.70313884   0.79101998   0.73715928   0.41225537   0.38934200   0.21041394   0.80121996   0.53616298   0.70695531   0.72670317   0.72505808   0.84142591   1.00000000   0.07303202   0.31212185   0.62009798   0.33666148   0.30964388   0.64328993   0.44807689   0.64885221   0.55378592   0.62477104   0.63784650   0.63698793   0.32397601   0.45908561   0.78921333   0.47055622   0.57289858   0.66570933   0.60472077   0.50052818   0.45779097   0.72776346   0.77439157   0.00000000  -0.17169334   0.28345492   0.33692398   0.62799507   0.61449659   0.84421856   0.79305526   0.85769330   0.64725348   0.47770856   0.67038571   0.81065443   0.74892321   0.41067396   0.57944014   0.21888560   0.31308839   0.50066362   0.61746083   0.48775197   0.59063768   0.47487523   0.77645864   0.43675075   0.54932555   0.57903099   0.63212522   0.63795366   0.47944175   0.56097403   0.60867268   0.56627600   0.71675721   0.57146115   0.24439946   0.44565337   0.59473430   0.61679779   0.72843656   0.70364310   0.70395939   0.49611005   0.49557419   0.37553670   0.77457366   0.63765508   0.77900873   0.68038409   0.67868947   0.76545859   0.78808974   0.26641844   0.39777880   0.52995185   0.42437424   0.16940476   0.65973878   0.59126975   0.65611718   0.62838250   0.72305517   0.66964447   0.62977904   0.36084851   0.57474918   0.78615121   0.50706672   0.29183252   0.74922638   0.45611382   0.45110465   0.73565816   0.77484378   0.79154510   0.00000000   0.11688992  -0.00845409   0.45827568   0.70960204   0.61691978   0.69558825   0.84585510   0.78573553   0.35159454   0.52695031   0.69596386   0.75278402   0.74175130   0.55715342   0.61317874   0.32072620   0.38376471   0.61300172   0.60069375   0.50277078   0.67628318   0.65580816   0.60982765   0.53022076   0.63090596   0.68512959   0.70719940   0.69254375   0.44355705   0.61370659   0.46226852   0.63632506   0.69885956
 -0.06032322   0.40139246   0.17918039   0.12426784  -0.03570977  -0.02067382   0.22275693   0.14399813   0.12096517   0.21901224   0.16501080   0.18310946   0.06549390   0.10579471   0.08592114   0.10479971   0.07084350   0.07303202   1.00000000   0.38858366   0.15904270   0.24551594   0.06092107   0.08492687   0.20005670   0.12878802   0.23613287   0.10826942   0.21947697   0.20895321  -0.07295988  -0.01086168   0.02527189   0.18963243   0.09958546   0.12480300   0.10560644   0.16124136   0.10612624   0.07940833   0.11608762   0.00000000   0.12181933   0.06365536   0.24833070   0.19450288   0.21608021  -0.00478153   0.11386338   0.05866122   0.07217692   0.08828733   0.09487198  -0.01312391   0.13314320   0.15265141   0.26563562   0.33314612   0.41044245   0.22508132   0.16034317   0.16125184  -0.05649115  -0.08556960  -0.01232728   0.28333575   0.19265760   0.19471987   0.18457331   0.22968581  -0.04304667   0.14355378   0.08359334   0.22327230   0.00239561  -0.08536403   0.24819116   0.17172836   0.17416486  -0.02169432   0.00724851   0.13422033   0.12002971   0.11728530   0.20082252   0.17434859   0.19148722   0.07640748   0.18343636   0.13397756   0.02825107   0.08235249   0.08450058   0.21255516   0.31788258   0.24831743   0.19115108   0.09282327   0.09655362   0.14824006   0.11484832   0.23137698   0.13406900   0.23014361   0.22521417  -0.11388980   0.13203614   0.08580325   0.36966465   0.33464560   0.06847357   0.10679317   0.16621819   0.09190116   0.16446158   0.11169738   0.00000000   0.19063175   0.22643794   0.26432763   0.18305884   0.21279948   0.05105684   0.07793146   0.04671371   0.05272290   0.22501164   0.08474268   0.01056017   0.13282601   0.14245817   0.30987518   0.30013371   0.29181773   0.25561802   0.26953974   0.28638262  -0.06168808   0.08274864   0.03726328   0.28496398   0.16520509   0.18262866   0.18425602   0.15650425  -0.03757242   0.09271139   0.12121207   0.20313470   0.08518650
  0.16697264   0.40232717   0.42986762   0.43846404   0.09236769   0.16676928   0.48257046   0.34258808   0.18105473   0.34233581   0.72486822   0.48537368   0.10692016   0.32295269   0.32718387   0.27509932   0.35995917   0.31212185   0.38858366   1.00000000   0.58938215   0.64817239   0.12934400   0.17699681   0.44724011   0.43745260   0.70566207   0.44207258   0.57399703   0.63004029   0.02956169   0.10190348   0.28532458   0.30505820   0.21175050   0.29191688   0.47859105   0.36789344   0.00034723   0.28104777   0.34630959   0.00000000  -0.01312196   0.03949281   0.64819899   0.48454787   0.47325745   0.14194599   0.34608140   0.32424727   0.28661704   0.48942634   0.47798235   0.24074872   0.42869095   0.24500621   0.68970300   0.35188611   0.82101925   0.62085934   0.55271970   0.62733498   0.07774127   0.06850466   0.31967372   0.70783574   0.33151702   0.48033466   0.52308166   0.52533704   0.16479361   0.42069730   0.38473344   0.41415538   0.20264378   0.13222607   0.32061818   0.33952755   0.34506687   0.17395899   0.28991879   0.42031850   0.40680592   0.21057040   0.43256263   0.66050618   0.46795109   0.16584792   0.37287768   0.44039625   0.25391364   0.31386040   0.31181601   0.46130145   0.75410484   0.52470739   0.62935268   0.15295856   0.21343577   0.42208935   0.39216190   0.67476931   0.46157934   0.54181057   0.61433715   0.12545125   0.17627476   0.30311258   0.19893769  -0.05045521   0.32195935   0.52157640   0.33685822   0.22646186   0.29095191   0.36292268   0.00000000   0.29547493  -0.20768230   0.67504231   0.47008119   0.51918519   0.30954203   0.26398848   0.27323049   0.27159696   0.59016668   0.44564199   0.33981552   0.44120400   0.33705747   0.69337355   0.63196978   0.73058438   0.57722952   0.58857658   0.62418788   0.09993188   0.25003132   0.35032183   0.71885690   0.40079527   0.45316594   0.56092989   0.44899290   0.22340317   0.46454410   0.42559433   0.37034985   0.25076618
