  1.00000000   0.51226869   0.58725353   0.57118842   0.46844709   0.77220089   0.71412666   0.60766769   0.56294842   0.57346943   0.62967462   0.60183821   0.63235226   0.59937210   0.79790014   0.72006720   0.59480040   0.59270496   0.57443777   0.48765240   0.65962484   0.64513595   0.47002168   0.75043074   0.56412864   0.63684910   0.58316221   0.56619554   0.52433133   0.64782452   0.33790288   0.37912146   0.60293153   0.56816484   0.50416739   0.54750212   0.62393951   0.61091052   0.57292556   0.56589914   0.66684368   0.00000000   0.54510323   0.29851918   0.65188094   0.55455973   0.60867730   0.62195590   0.60924736   0.62315768   0.46094001   0.48345635   0.70468657   0.76764944   0.79954794   0.57005822   0.65825487   0.42440461   0.59916029   0.63653146   0.63159958   0.64326515   0.64908153   0.16293109   0.75044075   0.59472845   0.68111381   0.61528152   0.58126614   0.53523330   0.55687568   0.56435127   0.72613149   0.61357539   0.63203772   0.79715591   0.37870291   0.50716628   0.49042704   0.58622268   0.59020956   0.62775526   0.57099319   0.55335188   0.58163033   0.61829166   0.44763548   0.50415992   0.35737984   0.69051283   0.64104615   0.59598117   0.52509738   0.41123096   0.37626827   0.56750015   0.65529392   0.22511690   0.63940921   0.40531193   0.39035835   0.53022956   0.42017331   0.35623437   0.57491090   0.37934031   0.13929210   0.53489489   0.40652666   0.39271964   0.42401618   0.31625440   0.24754646   0.47047910   0.28559863   0.52056873   0.00000000   0.49637711   0.28392855   0.63011370   0.51249839   0.58097164   0.58788048   0.50404661   0.48952665   0.14489293   0.47390694   0.49197784   0.74934209   0.63314982   0.49242449   0.57000941   0.46536688   0.47449287   0.32623666   0.38981414   0.44101354   0.36890324   0.39710352   0.55373282   0.52727586   0.66053321   0.54289849   0.46443028   0.43907921   0.41173203   0.41426532   0.35018745   0.39150012   0.50326621
  0.51226869   1.00000000   0.74993593   0.61797588   0.16026489   0.47112131   0.63821775   0.69736842   0.58652030   0.47658756   0.63556308   0.66061568   0.60404414   0.64679154   0.73907751   0.61408514   0.62625461   0.56868926   0.81132098   0.54679819   0.87839084   0.67380725   0.64930573   0.52977026   0.65224716   0.81181799   0.80178168   0.68199412   0.60759407   0.71974039  -0.02452918   0.33706141   0.65469806   0.76347606   0.64393354   0.75208127   0.72219808   0.70042457   0.61639089   0.61600518   0.76928701   0.00000000   0.90654156   0.56368747   0.59062446   0.57926736   0.75974843   0.50764575   0.71909160   0.67894586   0.53398020   0.67518829   0.76457088   0.67820605   0.63969851   0.61516477   0.81640727   0.67154531   0.61158996   0.77704238   0.84713729   0.63705232   0.60475902   0.14886819   0.67688652   0.59052898   0.64776720   0.73894702   0.64044851   0.59420890   0.19980452   0.61906332   0.75588206   0.74052883   0.70374390   0.56715943   0.84763353   0.68307591   0.54826785   0.64524815   0.34447938   0.53813741   0.65577321   0.62911477   0.48069927   0.63904992   0.58453038   0.57898397   0.36922450   0.61814344   0.46617501   0.62488276   0.50786524   0.65919260   0.63075148   0.83117313   0.66321260   0.52384350   0.44291960   0.51613447   0.56225018   0.79855253   0.54642206   0.42824822   0.76399137   0.26292021   0.53665177   0.63163593   0.58245616   0.64178466   0.65498894   0.75847853   0.43940221   0.54387578   0.37862183   0.62248140   0.00000000   0.84170420   0.44880697   0.53510692   0.50851931   0.70467943   0.48581752   0.62910740   0.59959213   0.45598726   0.63034364   0.58516327   0.52781656   0.52394219   0.66482398   0.80506903   0.77255843   0.71782671   0.59336876   0.76541899   0.51000949   0.53610793   0.47586401   0.33070074   0.60483040   0.59771687   0.69925643   0.56306443   0.55209680   0.21180358   0.63705188   0.62326044   0.60112475   0.66334471
  0.58725353   0.74993593   1.00000000   0.79633187   0.15988481   0.61227352   0.79887097   0.86512817   0.63359697   0.63677800   0.77772652   0.73931044   0.64976378   0.63329621   0.77104282   0.72675803   0.72102647   0.64859568   0.72464709   0.61512479   0.73489806   0.79625413   0.68555976   0.54627355   0.63931393   0.81147666   0.91565176   0.86998914   0.82769097   0.82211349  -0.00245940   0.38977925   0.73589728   0.79828821   0.61723001   0.78277379   0.70925702   0.69831804   0.65398026   0.62123872   0.85002903   0.00000000   0.77814125   0.51119590   0.76371907   0.84150700   0.93444943   0.59456091   0.73974109   0.77038635   0.50227944   0.54046713   0.76388653   0.71505402   0.74627230   0.51199101   0.81763006   0.46065602   0.69082291   0.73011568   0.73508038   0.76003985   0.57337298   0.12921660   0.68459777   0.74212915   0.75321703   0.89546082   0.77449659   0.78002491   0.29609996   0.66928035   0.75393410   0.73257025   0.76949137   0.68833600   0.67277439   0.92925235   0.73630657   0.62303483   0.48981098   0.74415149   0.86098048   0.70774756   0.70865463   0.75179747   0.62572755   0.58290792   0.32694416   0.69064972   0.63554511   0.75859273   0.64197215   0.67650061   0.63805981   0.75660808   0.82088801   0.48648071   0.47471970   0.58420896   0.62340341   0.90141744   0.76981340   0.65765800   0.86021051   0.28431362   0.48792841   0.74979265   0.67818528   0.71383185   0.69292735   0.69393314   0.50068816   0.56738842   0.36771993   0.77917791   0.00000000   0.72036928   0.40213683   0.75112705   0.81026594   0.91690505   0.63195980   0.70966080   0.71365703   0.35553574   0.57780842   0.62660399   0.65072327   0.67963023   0.62690395   0.84076758   0.60432659   0.71922339   0.51843614   0.60554479   0.65041932   0.42663539   0.49193957   0.36040554   0.74971489   0.74765682   0.85551512   0.68091587   0.74690136   0.25736989   0.65294580   0.63607090   0.64400880   0.74491781
  0.57118842   0.61797588   0.79633187   1.00000000   0.14003504   0.68014084   0.86677254   0.88685132   0.60503645   0.63440169   0.73002376   0.85269090   0.70590739   0.64632349   0.69400798   0.65678443   0.89774228   0.81914340   0.64586903   0.56028043   0.67401467   0.76572557   0.62551972   0.63156333   0.57329222   0.83573215   0.74882943   0.86245399   0.83859980   0.73442808  -0.01554756   0.27693468   0.88792999   0.86106389   0.70375903   0.82138964   0.62618964   0.75813573   0.68945958   0.65489012   0.89763801   0.00000000   0.64682775   0.51754261   0.80047576   0.89617507   0.86458140   0.77181342   0.85429263   0.90138561   0.46981229   0.55263767   0.75605964   0.70491325   0.65820817   0.47472494   0.67626044   0.42156071   0.63048706   0.70187343   0.70058269   0.73626888   0.57868838   0.00404226   0.72696955   0.75359151   0.75758532   0.81357067   0.77745459   0.72399165   0.40720787   0.58146580   0.72625770   0.74481026   0.89087145   0.59412802   0.47307051   0.74789137   0.85031302   0.49020748   0.50075124   0.80521408   0.84087401   0.67413434   0.67447511   0.67563328   0.63834276   0.47779011   0.26285352   0.55984251   0.60640289   0.84069943   0.72234653   0.48750723   0.47971034   0.58500694   0.75890024   0.37729105   0.41015220   0.46232233   0.59771717   0.71510253   0.71133732   0.64336009   0.71847207   0.28248026   0.33427445   0.78437966   0.63403513   0.70074773   0.68237866   0.45668262   0.40645676   0.51096011   0.31851676   0.79959357   0.00000000   0.54551027   0.34363828   0.75807908   0.81409496   0.80800579   0.62592116   0.74694700   0.75408560   0.23389258   0.41344455   0.55477673   0.57758734   0.55851599   0.56792124   0.63634512   0.40064149   0.53582169   0.36466324   0.45812852   0.52771671   0.33102592   0.37354451   0.38217441   0.67096263   0.76015935   0.76086072   0.62368524   0.61010391   0.30674059   0.54355620   0.51003523   0.56097791   0.73778233
  0.46844709   0.16026489   0.15988481   0.14003504   1.00000000   0.50919376   0.16662158   0.26039287   0.47562973   0.49785527   0.24228649   0.27953453   0.24133711   0.34041616   0.39476285   0.51432734   0.19489010   0.24691601   0.37518819   0.23031881   0.31274701   0.30044647   0.33460925   0.43895622   0.48431087   0.19087295   0.17911841   0.10180394   0.03934832   0.33844165   0.35727701   0.35996727   0.13854843   0.11915934   0.23692382   0.08353708   0.31140851   0.26222645   0.35038469   0.31079594   0.23389009   0.00000000   0.19316493   0.14402336   0.29387904   0.11783468   0.20628213   0.30129785   0.11177252   0.23839778   0.05985161   0.28399910   0.36288778   0.16375139   0.47628620   0.34540317   0.40668886   0.37546157   0.31978408   0.29126103   0.30275966   0.33039859   0.16502652   0.13797400   0.34425669   0.29527674   0.41171813   0.21752603   0.13328698   0.20050571   0.33848104   0.46617885   0.36585732   0.31384423   0.10616252   0.35717437   0.18897535   0.09509902   0.08531170   0.49782141   0.41872880   0.15984426   0.23140772   0.42724550   0.42188741   0.29671134   0.17997454   0.20256803   0.32789735   0.37694004   0.37370351   0.26599889   0.25109987   0.33464270   0.25387163   0.33710491   0.31057993   0.32232052   0.42192749   0.38091639   0.09129092   0.15799936   0.11385400   0.02397220   0.26974780  -0.01897055   0.04196370   0.19294443   0.16265839   0.18300996   0.04404292   0.10973222   0.18778892   0.28192631   0.31183099   0.27141704   0.00000000   0.26888105   0.30472563   0.29169325   0.15137124   0.23404878   0.29483618   0.17750382   0.15398014   0.11249444   0.28986759   0.28490506   0.30520918   0.36959350   0.14054721   0.36025817   0.26058614   0.34325276   0.24321658   0.26824711   0.29761571   0.12577285  -0.07780765   0.36991545   0.30717613   0.35919200   0.16565504   0.07431677   0.24427672   0.12298711   0.40708061   0.19364003   0.29804962   0.18112511
  0.77220089   0.47112131   0.61227352   0.68014084   0.50919376   1.00000000   0.72436138   0.74655763   0.73173753   0.75039032   0.70957093   0.66002728   0.66606347   0.60862691   0.71756673   0.86180291   0.68140560   0.61924934   0.67173759   0.59613342   0.58491333   0.76531232   0.53558229   0.79597189   0.63111792   0.63512336   0.59177715   0.65329326   0.62956794   0.66429822   0.47592367   0.43181112   0.69021756   0.68421563   0.47568921   0.65838705   0.61327495   0.69784296   0.61731232   0.51664376   0.71716721   0.00000000   0.52476145   0.21654850   0.76533819   0.69812421   0.65709969   0.67454185   0.62411686   0.64595670   0.40171483   0.63829310   0.76691308   0.58392063   0.83222812   0.61230205   0.64513751   0.44526150   0.67838544   0.68038811   0.61217866   0.72725379   0.47562722   0.13623341   0.76334316   0.71277819   0.80031323   0.64091226   0.64488540   0.59886188   0.76605107   0.69516869   0.75704840   0.75126491   0.69878607   0.62906757   0.43059189   0.57496792   0.60275658   0.54539015   0.84063400   0.69141910   0.66660558   0.70971400   0.70834434   0.65312801   0.43786064   0.47008735   0.36414618   0.63336790   0.84332861   0.66462920   0.56408847   0.53158910   0.44035158   0.54817229   0.72661313   0.20540635   0.60509330   0.45212275   0.37961017   0.52032739   0.55989110   0.50420340   0.55134963   0.45491071   0.16325365   0.65732719   0.60543418   0.49883390   0.52580346   0.30306388   0.47666214   0.38457504   0.20528269   0.62640882   0.00000000   0.43196767   0.17550756   0.73627579   0.66832640   0.65023162   0.55366133   0.60340413   0.51790085   0.17445477   0.53826372   0.57438747   0.64968004   0.70271140   0.41913713   0.54171776   0.41502938   0.51083509   0.44274193   0.41862918   0.55179360   0.16515042   0.37797585   0.63422054   0.59341791   0.77489692   0.57198184   0.48314575   0.52242097   0.59600410   0.53861772   0.44020284   0.60656423   0.60468531
  0.71412666   0.63821775   0.79887097   0.86677254   0.16662158   0.72436138   1.00000000   0.89003888   0.58292280   0.60455549   0.77384592   0.82081333   0.72907476   0.63845049   0.80598678   0.72779318   0.83816627   0.79677151   0.68639537   0.62733757   0.71895421   0.78577180   0.63142619   0.66511625   0.54970104   0.82271267   0.76386383   0.82118557   0.84126947   0.75794091   0.03429240   0.25749443   0.83964353   0.79426733   0.64759838   0.79323149   0.69965711   0.71076406   0.65762632   0.69262988   0.88996430   0.00000000   0.68149739   0.50921612   0.82236251   0.84871660   0.87535830   0.79092547   0.82331726   0.87747972   0.49393685   0.59799300   0.81014636   0.82314725   0.78968715   0.48734702   0.72943427   0.48545156   0.68132403   0.72396628   0.75014089   0.77137716   0.67966698   0.07310047   0.77974522   0.79107337   0.76423640   0.83866255   0.80154723   0.78491801   0.40891956   0.57460946   0.78816089   0.70161863   0.86304539   0.67361209   0.49087718   0.77089262   0.73472189   0.54134416   0.55461225   0.87254475   0.85873027   0.63948819   0.64350850   0.73281364   0.63273285   0.53971749   0.29655097   0.64958874   0.64210910   0.75990153   0.68365992   0.50982650   0.52148307   0.62778216   0.78052481   0.36452773   0.42913923   0.43289960   0.56514338   0.71751632   0.68109962   0.67236443   0.73559849   0.34361825   0.33879769   0.74290978   0.59349822   0.62392875   0.69457735   0.47666213   0.33857967   0.57283952   0.36416517   0.76255654   0.00000000   0.55370538   0.27436217   0.79079700   0.77970770   0.80267626   0.69299738   0.67860853   0.73353797   0.25543856   0.46681831   0.57817281   0.68052774   0.65381108   0.53251179   0.66126865   0.44504982   0.57125112   0.39303385   0.49623428   0.57994249   0.37607711   0.45859621   0.39484324   0.71474259   0.78951035   0.76360983   0.65712841   0.63961672   0.38009067   0.53250577   0.50282801   0.51936333   0.72078531
  0.60766769   0.69736842   0.86512817   0.88685132   0.26039287   0.74655763   0.89003888   1.00000000   0.71673566   0.72860008   0.82650553   0.81611049   0.76004184   0.72341013   0.78935236   0.81097742   0.85236926   0.74940935   0.78257784   0.71079594   0.77734375   0.86156810   0.73768839   0.70046519   0.67147421   0.85834641   0.84085088   0.88341102   0.88838794   0.81142728   0.13796132   0.39649753   0.85017215   0.89136847   0.70865451   0.88882245   0.76902125   0.80968933   0.73216797   0.65239631   0.92979194   0.00000000   0.72813468   0.56539922   0.87151467   0.90240784   0.92081290   0.72712028   0.82245716   0.83401876   0.53412948   0.66861350   0.86762272   0.68933079   0.79223488   0.59018254   0.82086803   0.48395689   0.77430413   0.78920527   0.81039520   0.86312608   0.62378843   0.17578113   0.76500239   0.85535297   0.83136049   0.89206420   0.85311676   0.84602062   0.45518828   0.70164264   0.84692170   0.84211882   0.87807154   0.63470365   0.63402644   0.85853439   0.78249792   0.58404355   0.61772989   0.81703818   0.92929880   0.76902761   0.74982731   0.80059869   0.63347694   0.59835251   0.40746898   0.68338701   0.73599617   0.79432170   0.67123963   0.65554395   0.64074513   0.74452709   0.86457848   0.49815852   0.51818604   0.53410124   0.58228938   0.78103462   0.78171072   0.74169488   0.81133159   0.42633115   0.45456689   0.81011171   0.72181588   0.75634652   0.73716295   0.60429132   0.56410364   0.55160517   0.38642490   0.82601691   0.00000000   0.60100820   0.39480161   0.84485946   0.85434655   0.89088303   0.63765760   0.75349598   0.69923879   0.39449293   0.57136809   0.66461459   0.63051729   0.70209304   0.57739667   0.76065012   0.52343076   0.71111842   0.53415303   0.62880783   0.72186427   0.37132557   0.49438349   0.47716463   0.81059418   0.82386935   0.82994473   0.66625659   0.73939957   0.43518514   0.67682297   0.67453746   0.71185465   0.77802915
  0.56294842   0.58652030   0.63359697   0.60503645   0.47562973   0.73173753   0.58292280   0.71673566   1.00000000   0.86771947   0.60348935   0.54904340   0.54222847   0.49518550   0.68616785   0.65571771   0.65316983   0.51432452   0.61398730   0.42260344   0.62730506   0.68386658   0.72726714   0.55627418   0.91432801   0.66320035   0.61393404   0.52677015   0.44912746   0.86225643   0.17470228   0.34585578   0.69078320   0.61993302   0.52713603   0.60611465   0.71685330   0.80589966   0.53652868   0.46963642   0.69129933   0.00000000   0.72746181   0.52924004   0.68620546   0.52623016   0.68267299   0.58365367   0.67318068   0.60290713   0.29863335   0.48778106   0.70080892   0.52785554   0.65167331   0.78580973   0.69262514   0.37863997   0.48950850   0.53969088   0.65288007   0.60471421   0.50495939   0.21706342   0.71631085   0.63981846   0.94508095   0.56378528   0.45016612   0.39799015   0.39308839   0.96800380   0.74042757   0.83367765   0.69901898   0.59058175   0.49347877   0.57288596   0.54631510   0.79600368   0.66516542   0.51962699   0.66548284   0.97108392   0.77664017   0.58532296   0.42128783   0.40354815   0.25581926   0.61850827   0.62576189   0.62243695   0.44818553   0.61441001   0.42562885   0.57442179   0.69013283   0.56409784   0.43300264   0.85421997   0.46506887   0.58772063   0.50862039   0.42893274   0.78913591   0.36567828   0.50966057   0.71177097   0.52854602   0.60664079   0.58650161   0.50183372   0.61852615   0.34322378   0.23770602   0.68290723   0.00000000   0.67197292   0.39667032   0.65723475   0.54635621   0.62509257   0.40568314   0.65178345   0.47590809   0.37784466   0.39957724   0.42549614   0.49132838   0.49685221   0.63622865   0.67618782   0.38658833   0.51420370   0.33214213   0.42157763   0.46931040   0.24227754   0.44429783   0.44335718   0.62298865   0.86960891   0.52725835   0.40792258   0.44007833   0.37869480   0.86352813   0.62190176   0.71742506   0.69192395
  0.57346943   0.47658756   0.63677800   0.63440169   0.49785527   0.75039032   0.60455549   0.72860008   0.86771947   1.00000000   0.68478584   0.53067152   0.52155539   0.46545248   0.61553598   0.67185348   0.66435080   0.54606818   0.64412198   0.50687221   0.57777496   0.77866679   0.70216798   0.57314800   0.77430705   0.57098358   0.64644418   0.61505313   0.55289109   0.79527527   0.25368136   0.36204485   0.69738621   0.64023313   0.53397811   0.61190502   0.65802187   0.74008965   0.51295249   0.39427770   0.68619647   0.00000000   0.58168704   0.36350924   0.81450029   0.64488357   0.67549209   0.58275811   0.62893554   0.58293114   0.40231699   0.54509255   0.63730814   0.44135844   0.71339980   0.59274496   0.67694543   0.31296593   0.62855437   0.56214876   0.60392413   0.75200583   0.41857750   0.12213403   0.60386295   0.74788070   0.89394486   0.61038728   0.50659651   0.51708091   0.54007592   0.84706831   0.75134593   0.78958161   0.68045730   0.53458819   0.40227986   0.60004495   0.54712258   0.61898463   0.67049257   0.54629920   0.65195712   0.86780808   0.95536973   0.65875098   0.30362357   0.29566236   0.20735450   0.53034469   0.67357534   0.63487913   0.44070451   0.59744512   0.43589857   0.53492493   0.77420091   0.43353772   0.41489245   0.64902589   0.31162482   0.57438655   0.56022083   0.49686317   0.73160771   0.33369965   0.25267903   0.66650675   0.51544251   0.54929388   0.43101625   0.39673891   0.52912722   0.24460058   0.13314033   0.64593920   0.00000000   0.47873301   0.30475963   0.79681059   0.65671296   0.66360360   0.40149091   0.60650170   0.40031897   0.25267018   0.43394629   0.39827138   0.46335615   0.60261785   0.38199454   0.61891867   0.33764776   0.53781134   0.35486426   0.34173594   0.57747993   0.03130219   0.29175546   0.48356171   0.69763430   0.82562138   0.53825511   0.32818495   0.50931345   0.39853088   0.74142415   0.52014555   0.64184173   0.59219067
  0.62967462   0.63556308   0.77772652   0.73002376   0.24228649   0.70957093   0.77384592   0.82650553   0.60348935   0.68478584   1.00000000   0.59093479   0.65131392   0.55000844   0.64822964   0.70403666   0.64745133   0.57875623   0.81027466   0.90931246   0.71466008   0.94982243   0.48893164   0.66938978   0.51813641   0.66569596   0.84669717   0.87846657   0.78283034   0.77788070   0.29762560   0.26647039   0.69692628   0.79637634   0.44896184   0.76952147   0.59777718   0.61411867   0.55811471   0.47203433   0.81450947   0.00000000   0.66902013   0.26148485   0.93090487   0.82731598   0.82285208   0.59421217   0.62704401   0.66972604   0.43638403   0.73586136   0.74002634   0.56592319   0.73614227   0.46514510   0.79501736   0.49539114   0.90967056   0.76032170   0.70862442   0.85372835   0.44658395   0.19254849   0.72958844   0.95269077   0.75545471   0.83356932   0.67596787   0.74443224   0.56894354   0.64178535   0.77573921   0.71393211   0.74711558   0.63469111   0.67733537   0.81656747   0.74451684   0.48227090   0.72121621   0.78867727   0.83367344   0.66481681   0.71318198   0.97466726   0.52649271   0.58529893   0.35196148   0.65635170   0.75137707   0.65348081   0.53732461   0.77451522   0.83586423   0.75809138   0.95262976   0.29699423   0.54143941   0.41175565   0.49697587   0.81397748   0.84046361   0.77396667   0.77719262   0.44900244   0.29512446   0.74794555   0.75860061   0.60457165   0.64145272   0.60062018   0.57241687   0.44946663   0.27032275   0.75510101   0.00000000   0.57332150   0.15760280   0.93055505   0.87083936   0.85951785   0.57759401   0.65456097   0.61706373   0.41904790   0.72991810   0.61020878   0.66612409   0.81304267   0.42149278   0.70972699   0.61478693   0.81965239   0.67593701   0.65642618   0.81707256   0.25724773   0.44451525   0.54496527   0.92099446   0.80073194   0.83712468   0.59220641   0.76242953   0.53668034   0.62977993   0.62527398   0.71923596   0.72756540
  0.60183821   0.66061568   0.73931044   0.85269090   0.27953453   0.66002728   0.82081333   0.81611049   0.54904340   0.53067152   0.59093479   1.00000000   0.84518695   0.83795160   0.79535230   0.75095487   0.87265740   0.93160035   0.62645369   0.45666096   0.69234421   0.67666603   0.72448245   0.68288620   0.55934302   0.85775339   0.69852169   0.68611048   0.73176572   0.65628489  -0.07090593   0.40387687   0.80401988   0.77009577   0.76296827   0.74925009   0.65652810   0.69444608   0.86296360   0.86665371   0.85095296   0.00000000   0.61441476   0.64504206   0.69302653   0.74206852   0.77528213   0.86692898   0.80836157   0.93845434   0.51344290   0.54221155   0.82054328   0.76721399   0.72364041   0.47627663   0.72788238   0.53187961   0.55578022   0.73408687   0.74827309   0.70158929   0.70562064  -0.05179812   0.69874094   0.63186153   0.66385071   0.78853336   0.84317723   0.74296437   0.26878494   0.50582835   0.72571422   0.68248043   0.80062114   0.61793320   0.45216444   0.63131528   0.69491796   0.50174705   0.41559209   0.78267584   0.78053567   0.57076247   0.57501556   0.56352322   0.78694537   0.59473779   0.38646599   0.64139667   0.57489789   0.84873478   0.86764764   0.41828838   0.39270549   0.60522374   0.65286686   0.48887164   0.50898140   0.43045586   0.63805596   0.63567310   0.51573843   0.48125818   0.63552534   0.14552143   0.31128726   0.71119990   0.56945470   0.73183472   0.67630937   0.43645812   0.29939031   0.72467057   0.53469439   0.75235108   0.00000000   0.53896075   0.55872570   0.62637166   0.63037175   0.72309603   0.76292029   0.71159036   0.80747853   0.22763183   0.40679791   0.65442482   0.63264650   0.56205095   0.58269995   0.69327997   0.49380707   0.48506731   0.32383379   0.48517383   0.46615114   0.48748102   0.28886489   0.34543856   0.54854981   0.64409418   0.70590933   0.69929336   0.63036664   0.15244777   0.45500447   0.47464939   0.44176027   0.67983804
  0.63235226   0.60404414   0.64976378   0.70590739   0.24133711   0.66606347   0.72907476   0.76004184   0.54222847   0.52155539   0.65131392   0.84518695   1.00000000   0.84491335   0.69417596   0.77377192   0.76841417   0.82766065   0.64701650   0.55441774   0.64777815   0.71612099   0.64627021   0.77384748   0.52461137   0.79855986   0.66781524   0.61683623   0.67168086   0.61848548   0.12828212   0.47465629   0.75522500   0.77901178   0.65356372   0.77680276   0.63886399   0.66593314   0.89311509   0.74219484   0.81071456   0.00000000   0.56307072   0.54945705   0.71155104   0.68149076   0.68270138   0.82213786   0.73245214   0.78379159   0.57007718   0.57306187   0.78972155   0.64587193   0.68017447   0.56923226   0.70942038   0.47790625   0.63632530   0.71341886   0.71303806   0.71016684   0.69552558   0.05512486   0.68831570   0.65662620   0.63577082   0.70738573   0.79484975   0.68795867   0.38479097   0.49974606   0.73644409   0.71981140   0.77353536   0.59717011   0.47636208   0.58961162   0.65974670   0.38756384   0.51890242   0.74099306   0.75779256   0.54134391   0.56183048   0.63476781   0.74057865   0.69676249   0.43713049   0.62188622   0.68339249   0.77253115   0.79222621   0.49134755   0.46174661   0.62640058   0.68787044   0.42264536   0.59919991   0.37423785   0.60560387   0.58085140   0.49115655   0.51081781   0.59106843   0.34879449   0.28179423   0.72754089   0.66047073   0.72341603   0.69120663   0.45830663   0.44674185   0.67546985   0.47487379   0.71793534   0.00000000   0.43687024   0.51183525   0.66683314   0.61441838   0.69263755   0.71704984   0.70801402   0.69421234   0.35992072   0.51272592   0.64259072   0.60778646   0.58249451   0.54406108   0.64712452   0.51953804   0.53720162   0.42895020   0.52358561   0.55649827   0.39646603   0.34995786   0.45365499   0.59701688   0.61552341   0.66587865   0.67973918   0.61395537   0.33651626   0.43699808   0.54106614   0.53576680   0.68464706
  0.59937210   0.64679154   0.63329621   0.64632349   0.34041616   0.60862691   0.63845049   0.72341013   0.49518550   0.46545248   0.55000844   0.83795160   0.84491335   1.00000000   0.73517049   0.79067348   0.69099075   0.72310361   0.63875261   0.48228763   0.69892589   0.63033442   0.63453815   0.74516075   0.51907988   0.79656072   0.64005061   0.58136876   0.62567066   0.55704174   0.14201362   0.57565682   0.64260994   0.74468053   0.68676610   0.74934082   0.62057694   0.66212871   0.90599517   0.80631926   0.73307230   0.00000000   0.57315860   0.52838688   0.60080790   0.62216841   0.65029805   0.67222097   0.66717239   0.72303704   0.57784604   0.54351306   0.83217646   0.62198151   0.68435411   0.58952814   0.71104425   0.53195786   0.57160253   0.72483734   0.70191999   0.66027057   0.70160426   0.12826206   0.62096070   0.55178598   0.55755707   0.69213278   0.81954350   0.69122242   0.33530284   0.46264525   0.68338733   0.71977177   0.66778579   0.57955347   0.53973498   0.52761259   0.55808247   0.43171184   0.41418315   0.62620602   0.67600908   0.50454608   0.51322724   0.54351366   0.69319060   0.72851699   0.60951998   0.63355688   0.62211423   0.70151243   0.70587021   0.44390263   0.41488995   0.68378687   0.60819943   0.47845154   0.68659622   0.35938112   0.53949068   0.55161894   0.40698762   0.39247478   0.55235861   0.25202948   0.29087666   0.59640607   0.58760727   0.66192769   0.59999026   0.46164238   0.42662619   0.74582124   0.60683764   0.60985106   0.00000000   0.49591496   0.63081905   0.55206114   0.52222673   0.65317957   0.68212476   0.63555231   0.62123651   0.32216466   0.48306250   0.71846901   0.57561917   0.55771111   0.58299664   0.66367223   0.55480149   0.52797530   0.43936003   0.57809703   0.49195492   0.56364201   0.33785894   0.47476860   0.51354154   0.51827814   0.61296596   0.62828002   0.57354614   0.21851484   0.42417432   0.48509362   0.51791234   0.58554862
  0.79790014   0.73907751   0.77104282   0.69400798   0.39476285   0.71756673   0.80598678   0.78935236   0.68616785   0.61553598   0.64822964   0.79535230   0.69417596   0.73517049   1.00000000   0.80727420   0.71124233   0.70736322   0.69996159   0.49146564   0.79507428   0.69694474   0.72590668   0.65549958   0.75478270   0.85106315   0.76600953   0.68779183   0.68869464   0.79488573   0.08916793   0.34245967   0.72019036   0.70401224   0.67298211   0.70664570   0.81309986   0.77003401   0.67004416   0.79101747   0.81548326   0.00000000   0.74681948   0.57696577   0.69988621   0.64547036   0.77395110   0.69544740   0.74351521   0.77996528   0.47385454   0.52345713   0.88157175   0.85110262   0.88650176   0.67039819   0.83929444   0.54176755   0.59414975   0.74124688   0.81120416   0.72388902   0.76346159   0.09363590   0.74846013   0.65692008   0.77071581   0.78440274   0.76002225   0.69233138   0.31578412   0.69060602   0.83500069   0.74878030   0.75814560   0.75783518   0.54324065   0.66417340   0.51349840   0.73764763   0.47061070   0.66019586   0.71214466   0.68268842   0.61609979   0.62315461   0.57908855   0.53989671   0.39618561   0.78657216   0.61616849   0.66227634   0.59451237   0.48759921   0.42521490   0.69589255   0.69740491   0.47407973   0.52701859   0.57954176   0.48901052   0.70958316   0.51689726   0.44696679   0.76250310   0.31085301   0.42318265   0.62682370   0.47900741   0.56952250   0.57449953   0.49667522   0.30255752   0.59422429   0.44194831   0.61778047   0.00000000   0.67753929   0.44744425   0.65251666   0.56039782   0.69172479   0.62644499   0.56904544   0.58917332   0.23944284   0.44521993   0.60610064   0.72904256   0.64266658   0.64844920   0.75784749   0.52696506   0.54644578   0.34570459   0.51633542   0.49173279   0.47531204   0.45138090   0.37006490   0.59195944   0.71878641   0.67288114   0.57210313   0.57208211   0.27458429   0.59487589   0.49209043   0.47549810   0.63317478
  0.72006720   0.61408514   0.72675803   0.65678443   0.51432734   0.86180291   0.72779318   0.81097742   0.65571771   0.67185348   0.70403666   0.75095487   0.77377192   0.79067348   0.80727420   1.00000000   0.67253179   0.65321218   0.77618376   0.63791603   0.67904287   0.77532009   0.60002689   0.77742568   0.62438812   0.72441891   0.70859336   0.69953497   0.73964906   0.63467927   0.35633417   0.54676665   0.64002111   0.73406904   0.54541280   0.73426704   0.68928029   0.68311209   0.76381434   0.65798301   0.75203895   0.00000000   0.58424142   0.33204260   0.73376344   0.74342736   0.70392794   0.64499771   0.61603059   0.67024403   0.51893675   0.68706880   0.85085285   0.60872554   0.88936383   0.59911887   0.76375767   0.55262199   0.72657930   0.81445312   0.70650362   0.79573199   0.56809748   0.08569614   0.68251592   0.69926624   0.71500648   0.76710168   0.81549092   0.77580228   0.57423735   0.62151963   0.79692760   0.77407041   0.66536092   0.60217873   0.59799119   0.67949873   0.59149503   0.52289494   0.70608194   0.69402191   0.74551389   0.63470822   0.67179805   0.68039581   0.54069166   0.60850529   0.47980264   0.69106019   0.86674845   0.68830588   0.62018111   0.57871633   0.53529343   0.71950037   0.74331300   0.33403290   0.65085898   0.40202620   0.44807724   0.62132534   0.58417632   0.54771152   0.59035871   0.36790897   0.21751621   0.62766980   0.66251389   0.58890957   0.57278427   0.47579572   0.48482558   0.53428827   0.36183057   0.64222158   0.00000000   0.49199249   0.36815640   0.70387854   0.67878852   0.72651695   0.63622969   0.60111854   0.55893050   0.26548697   0.63631290   0.68988945   0.66150033   0.74695266   0.44950790   0.66689111   0.56973346   0.61014291   0.58669748   0.60516265   0.64359101   0.29956639   0.33460653   0.55157393   0.61683994   0.67234341   0.67535395   0.59108183   0.67343038   0.44848313   0.50397902   0.53608099   0.61963409   0.59428037
  0.59480040   0.62625461   0.72102647   0.89774228   0.19489010   0.68140560   0.83816627   0.85236926   0.65316983   0.66435080   0.64745133   0.87265740   0.76841417   0.69099075   0.71124233   0.67253179   1.00000000   0.89870009   0.62251994   0.46558761   0.69259955   0.74228336   0.72101577   0.65337160   0.60316100   0.84958020   0.70195585   0.73723877   0.71803898   0.73507352  -0.03142489   0.36862295   0.94718428   0.83575494   0.81623906   0.81646045   0.66809330   0.77103068   0.74430730   0.68156832   0.87544616   0.00000000   0.64781597   0.58996013   0.77099784   0.78527285   0.80610319   0.84735247   0.94089414   0.89964488   0.55888112   0.55704108   0.76924168   0.75814548   0.68361860   0.52834250   0.68052885   0.43691381   0.57321118   0.70409043   0.74481643   0.74372222   0.61326517  -0.01768896   0.72117125   0.69060831   0.77233841   0.74908396   0.76494516   0.66588787   0.36132577   0.60693968   0.75356306   0.76184595   0.91523604   0.60774151   0.45917221   0.64769963   0.79382065   0.51710902   0.50138050   0.78965263   0.80097055   0.69543151   0.69483396   0.59989559   0.67308048   0.50474706   0.31069428   0.60783637   0.63449593   0.91563430   0.79815284   0.46183542   0.38989923   0.58547600   0.72904598   0.42611136   0.46601788   0.50702477   0.66153853   0.64885190   0.58452889   0.55087557   0.70289451   0.23962778   0.27741026   0.81648820   0.63445605   0.77743776   0.72352607   0.48067419   0.42414907   0.53486027   0.33713423   0.81055790   0.00000000   0.52428145   0.44222231   0.71457970   0.69686551   0.73958143   0.66100237   0.84130043   0.75707137   0.24852428   0.42205092   0.59141738   0.62822108   0.55743192   0.61565016   0.65791331   0.41517822   0.48161357   0.31680298   0.43129535   0.50085053   0.37180114   0.35638217   0.40202212   0.60295689   0.74549748   0.70105398   0.64345985   0.56691728   0.26426182   0.52686581   0.55296417   0.54321128   0.75116603
  0.59270496   0.56868926   0.64859568   0.81914340   0.24691601   0.61924934   0.79677151   0.74940935   0.51432452   0.54606818   0.57875623   0.93160035   0.82766065   0.72310361   0.70736322   0.65321218   0.89870009   1.00000000   0.54460067   0.41286959   0.60794791   0.67011943   0.67823056   0.63011955   0.49040840   0.78808769   0.63774292   0.63135780   0.66268192   0.62915378  -0.11694449   0.33319150   0.83237443   0.71160721   0.75702922   0.68842216   0.59893556   0.62330026   0.80128983   0.77478353   0.81499860   0.00000000   0.54978599   0.58539066   0.69942449   0.70101809   0.70209980   0.91701078   0.81925648   0.92284814   0.53433373   0.49403669   0.72316059   0.75421240   0.66979634   0.39345374   0.64498643   0.45567405   0.51472885   0.65341117   0.70501246   0.67308359   0.63324412  -0.16649004   0.63153018   0.61359139   0.65016515   0.70096110   0.76585653   0.66360778   0.25427752   0.46051477   0.67860716   0.61083459   0.80192492   0.58920863   0.34435686   0.54489848   0.68007802   0.43416476   0.39187517   0.76457413   0.71515039   0.53935455   0.60409989   0.53698087   0.72947597   0.48621435   0.27373557   0.57943800   0.54218737   0.86702347   0.88709358   0.37068434   0.33130322   0.50753928   0.64161779   0.39283043   0.43321578   0.39302361   0.60755610   0.57582865   0.45968649   0.45148791   0.60193173   0.06074326   0.16399256   0.69577109   0.52946341   0.69081519   0.61728542   0.35570338   0.23002310   0.64957804   0.45155019   0.72364907   0.00000000   0.44697254   0.47939141   0.63571450   0.59657343   0.64306004   0.75727763   0.71248543   0.78364145   0.13998215   0.37210963   0.57401063   0.62759034   0.53076653   0.52295775   0.62287025   0.41147840   0.42337403   0.24198845   0.37676542   0.42105893   0.37794716   0.19888948   0.29559846   0.52245258   0.62655276   0.64286859   0.63411654   0.56017518   0.10053477   0.38692068   0.41105474   0.36628247   0.64383538
  0.57443777   0.81132098   0.72464709   0.64586903   0.37518819   0.67173759   0.68639537   0.78257784   0.61398730   0.64412198   0.81027466   0.62645369   0.64701650   0.63875261   0.69996159   0.77618376   0.62251994   0.54460067   1.00000000   0.79225699   0.85474871   0.83424129   0.57560221   0.67183231   0.61931005   0.72143626   0.82809922   0.77652656   0.70613710   0.71563118   0.26877296   0.43559663   0.64366896   0.79693057   0.54833020   0.77271189   0.66382574   0.63714606   0.64268965   0.52071783   0.78147584   0.00000000   0.72838707   0.34698590   0.76085462   0.71527800   0.76426406   0.52593935   0.61619415   0.62376809   0.47220796   0.86147998   0.80968473   0.54392321   0.77944740   0.53144652   0.85994839   0.77400862   0.86905822   0.90219668   0.83202603   0.85861380   0.49016083   0.24168195   0.69793404   0.79404773   0.69358829   0.81980465   0.69722226   0.74956902   0.49788623   0.62979312   0.80809690   0.78032532   0.67302030   0.53778009   0.83949914   0.71381147   0.61521239   0.57125964   0.63026482   0.63812598   0.74186252   0.66067885   0.62984724   0.81566093   0.53226933   0.61316367   0.48482777   0.66728415   0.71289990   0.63327153   0.49656133   0.83974101   0.80301032   0.88843766   0.79886158   0.44224862   0.53933959   0.44052214   0.49635337   0.76992603   0.70823997   0.59172354   0.71268758   0.38570600   0.39703755   0.66620170   0.75193430   0.63009018   0.61780958   0.64692766   0.55080473   0.51663697   0.37406709   0.68211925   0.00000000   0.65312809   0.28775969   0.73315096   0.69370366   0.78441813   0.52171767   0.62809341   0.55926639   0.44931517   0.81921446   0.70424787   0.58558660   0.75677665   0.46042176   0.77165691   0.80413637   0.86070222   0.80607123   0.84497619   0.79707192   0.33926624   0.42035118   0.51154021   0.76826715   0.68926496   0.76230785   0.57442567   0.70573626   0.46227238   0.64207455   0.62254166   0.74823405   0.66123133
  0.48765240   0.54679819   0.61512479   0.56028043   0.23031881   0.59613342   0.62733757   0.71079594   0.42260344   0.50687221   0.90931246   0.45666096   0.55441774   0.48228763   0.49146564   0.63791603   0.46558761   0.41286959   0.79225699   1.00000000   0.64409068   0.82349887   0.35168135   0.65871063   0.33357458   0.50253996   0.70154842   0.75242875   0.70537122   0.54678342   0.42934371   0.28490863   0.50278022   0.68317653   0.34455546   0.67685588   0.48823716   0.45253239   0.45818523   0.34040007   0.66245409   0.00000000   0.50584148   0.17693426   0.77992417   0.69530068   0.66266665   0.44703344   0.43122160   0.48798684   0.37419972   0.76523443   0.64704064   0.36302102   0.60973687   0.32253372   0.68917069   0.47017251   0.92647681   0.72290566   0.61888632   0.80658948   0.36051674   0.31790555   0.63487273   0.88479378   0.54046877   0.73988092   0.60924326   0.70731173   0.59184514   0.45010078   0.66997605   0.58345700   0.54463188   0.45880023   0.67973400   0.72906439   0.59573698   0.33919223   0.68162144   0.66825733   0.73786439   0.48179817   0.51723670   0.92406188   0.42714077   0.56611862   0.43495696   0.54444138   0.68401384   0.46438622   0.38577829   0.75378485   0.90690701   0.71839230   0.81182346   0.26895995   0.52758036   0.21338407   0.35199548   0.66838762   0.80151993   0.76235850   0.57937166   0.48837681   0.26574034   0.57167107   0.67834241   0.49207383   0.52573760   0.56072395   0.54858160   0.40653604   0.28249648   0.61144624   0.00000000   0.42292295   0.08795851   0.78680688   0.76775604   0.75287730   0.50692827   0.48071491   0.47100048   0.48784737   0.76185497   0.56732732   0.52678615   0.76155777   0.21916072   0.57403588   0.63937900   0.82107058   0.78001062   0.71636060   0.85876219   0.22591713   0.41349234   0.57213507   0.87433791   0.61498424   0.74786917   0.50761542   0.74877937   0.59653524   0.52258054   0.60372144   0.67863980   0.55516448
