  1.00000000   0.51307818   0.79826150   0.83174209   0.75940228   0.58866265   0.75977200   0.61205644   0.76693836   0.66106981   0.36767520   0.75108464   0.87357000   0.84756126   0.72348443   0.75598381   0.78264314   0.60993392   0.46556903   0.31536309   0.74575945   0.33346738   0.79928014   0.75936012   0.56167605   0.67676283   0.64726953   0.71508402   0.69923856   0.69760007   0.72624794   0.52351318   0.79480432   0.89211772   0.61989130   0.83493044   0.69780921   0.80649778   0.82297583   0.83878662   0.82340361   0.00000000   0.29519913   0.73892715   0.59011372   0.73554595   0.61574038   0.73322170   0.67893085   0.78722434   0.70302642   0.64993257   0.80357343   0.72566054   0.75677616   0.50552322   0.65261635   0.31765553   0.23875609   0.68428529   0.77278082   0.65958454   0.88133003   0.72100201   0.81975112   0.42624309   0.87552483   0.70672746   0.73127831   0.58932036   0.80508626   0.74461220   0.79276273   0.81869614   0.83919737   0.89376087   0.49319407   0.63389862   0.74794678   0.78409153   0.63626814   0.66899779   0.47743703   0.74652228   0.58839428   0.08261434   0.73900306   0.69792984   0.64588181   0.65436735   0.72078921   0.65643044   0.64963796   0.18430801   0.38660994   0.58380653   0.47551459   0.86179889   0.79152818   0.57111477   0.44359949   0.43879690   0.64726133   0.74343154   0.52696911   0.65553518   0.19220676   0.66491011   0.60354597   0.77036455   0.59932660   0.56643110   0.40613072   0.74300284   0.75073954   0.68795608   0.00000000   0.48793487   0.70243019   0.32856675   0.65463340   0.29614078   0.76016329   0.68079455   0.63252036   0.63522167   0.54827797   0.78571926   0.75109137   0.65794015   0.42352379   0.55028507   0.05015569   0.21851833   0.22171254   0.50225857   0.40812565   0.65626108   0.55444226   0.86349621   0.25392250   0.72153341   0.49804424   0.73305042   0.44347915   0.86351979   0.63360594   0.50826815   0.69844172   0.70709804
  0.51307818   1.00000000   0.51928991   0.45591074   0.68402872   0.72873707   0.43152759   0.12776133   0.36009505   0.17541810  -0.07241671   0.18870862   0.39199513   0.47694328   0.57887012   0.46686082   0.58514725   0.63915193   0.27003045  -0.22772606   0.66079192  -0.19932231   0.48936697   0.46321894  -0.01480076   0.21779320   0.25783826   0.24246113   0.26954773   0.23758952   0.47368390   0.63314987   0.65632266   0.51805238   0.66680160   0.54036572   0.60181660   0.33803292   0.49558773   0.39628616   0.39798208   0.00000000   0.39375890   0.50265659   0.15868632   0.31179693   0.17180169   0.71552020   0.59797936   0.58927334   0.25453070   0.46215595   0.62469162   0.72307190   0.47591453   0.11532596   0.17921830  -0.03387872  -0.20655499   0.44938832   0.50166617   0.27101818   0.46605121   0.63390009   0.68608871  -0.13107474   0.55807897   0.29767040   0.20852469   0.24613480   0.70455083   0.30203149   0.53951446   0.36333431   0.59072413   0.51707989   0.65971849   0.24271874   0.57220010   0.78589956   0.78428585   0.36863060   0.00062171   0.39237133   0.11970669  -0.19070546   0.44541803   0.54464597   0.50492291   0.59074951   0.43044171   0.53020871   0.53069025  -0.25647716   0.12838416   0.53969199   0.04011529   0.47784566   0.26490202   0.19001267   0.14177146   0.05575122   0.24704595   0.44197150   0.15653430   0.21401247   0.53814749   0.56490808   0.65119311   0.62453293   0.42683573   0.34023935   0.06492997   0.69348342   0.44932285   0.38823271   0.00000000   0.14131382   0.32920780  -0.02961401   0.26205255  -0.07023846   0.61854510   0.69756209   0.57693549   0.22687926   0.22122221   0.63097504   0.73479381   0.41068517   0.14651825   0.15711382  -0.37617984  -0.24913825  -0.17266089   0.40453980   0.05431123   0.71784275   0.57555587   0.60292146  -0.20507954   0.56776661   0.11543544   0.44030910   0.02404259   0.65273381   0.30078228   0.18631236   0.42987128   0.60601677
  0.79826150   0.51928991   1.00000000   0.89937796   0.59049629   0.53134971   0.83164165   0.82854428   0.73499261   0.65911138   0.52286956   0.70785161   0.72735619   0.72442869   0.69753028   0.78992601   0.83493900   0.62848389   0.69985374   0.45774713   0.75978397   0.39823314   0.73741601   0.67424677   0.59414263   0.79383848   0.81841990   0.86879027   0.85196009   0.83385718   0.59827841   0.44834366   0.84429877   0.86417613   0.52330384   0.86922837   0.71827936   0.84592548   0.73644077   0.77214714   0.87380961   0.00000000   0.32748138   0.60364828   0.65199065   0.88321820   0.78760210   0.60121878   0.76069829   0.83577198   0.65207804   0.64240693   0.73145325   0.63656400   0.73961540   0.54971556   0.73040079   0.44070391   0.39695478   0.71644942   0.84198277   0.64425430   0.78000448   0.62818067   0.69629125   0.48966547   0.93104725   0.84736771   0.75147242   0.75423997   0.64750045   0.74406406   0.84557102   0.82138449   0.87629142   0.80076233   0.55060230   0.90059967   0.90016118   0.66406533   0.59863927   0.85921840   0.75352224   0.74450688   0.54098490   0.18164729   0.84014507   0.58360248   0.62223607   0.74843851   0.85815980   0.75728307   0.72218276   0.33050188   0.57852041   0.62667464   0.50568664   0.76727537   0.78043247   0.78369583   0.69341609   0.67066840   0.86382876   0.93694199   0.71280286   0.63747318   0.25649371   0.81042379   0.69278480   0.74213637   0.78483072   0.67286795   0.51680033   0.74820814   0.80463477   0.88322503   0.00000000   0.58775758   0.61606967   0.37099134   0.86469882   0.57845330   0.73538040   0.75233455   0.78587505   0.65283707   0.60697958   0.81964988   0.76395387   0.74018307   0.62916812   0.72956876   0.19396853   0.34437735   0.27859670   0.57827169   0.43253338   0.67923139   0.69634723   0.88214922   0.36823396   0.71486403   0.72604879   0.83820235   0.67962190   0.76383652   0.72120241   0.59917813   0.81845382   0.79103932
  0.83174209   0.45591074   0.89937796   1.00000000   0.60322359   0.54299675   0.89714850   0.81994174   0.76265757   0.68000755   0.46370471   0.85646304   0.82469935   0.81508131   0.70120517   0.82914411   0.93186685   0.70631091   0.53894149   0.37058725   0.67692566   0.40345447   0.72273215   0.68337653   0.59336540   0.80700679   0.76008549   0.90006474   0.90433824   0.79245085   0.63039493   0.46962777   0.89682913   0.90704564   0.58151142   0.91747761   0.69513688   0.85706067   0.85312744   0.90641318   0.92970920   0.00000000   0.30840460   0.61910500   0.64461252   0.93598617   0.76230843   0.67978717   0.83185664   0.92325662   0.68459537   0.57362499   0.77377540   0.63129330   0.74092687   0.56885036   0.74944467   0.31159851   0.30036699   0.67100267   0.81418159   0.64887028   0.80990734   0.67679937   0.69780314   0.49361280   0.90328420   0.87060939   0.85892903   0.77405834   0.68507827   0.77652584   0.78780343   0.86473308   0.92764533   0.76014359   0.39834128   0.80828658   0.88340779   0.63418544   0.58328625   0.85293922   0.70619218   0.75973315   0.58382484   0.08070691   0.78960367   0.56045731   0.51331162   0.65769870   0.81596435   0.81829411   0.75897325   0.21653504   0.39670795   0.49105392   0.45690258   0.75671059   0.76076369   0.64467143   0.63580193   0.58577936   0.84055603   0.87152010   0.63438005   0.59433363   0.25476197   0.77874134   0.64918605   0.78588032   0.68699404   0.48672682   0.36431086   0.75592231   0.83396398   0.87383914   0.00000000   0.46165972   0.62664633   0.32330538   0.88670080   0.50352862   0.78688897   0.77408942   0.82370654   0.60180914   0.48605943   0.78053735   0.70462148   0.68169573   0.53915918   0.65557292   0.07958009   0.25817882   0.18597207   0.42175778   0.32986385   0.64568978   0.73159142   0.87851873   0.34148721   0.69948494   0.69512186   0.79474643   0.61940707   0.76027317   0.71065600   0.44423163   0.72443648   0.75147343
  0.75940228   0.68402872   0.59049629   0.60322359   1.00000000   0.91924135   0.67621521   0.29448838   0.69830545   0.35810577  -0.05309749   0.42083341   0.60916454   0.72696330   0.87416202   0.77117666   0.73892725   0.80405765   0.14515450  -0.16975646   0.61852442  -0.10282974   0.71940699   0.45723309   0.26901084   0.46482455   0.42864866   0.46237206   0.53249094   0.43548421   0.61740377   0.80626548   0.69868130   0.71401285   0.89218036   0.63732572   0.60512917   0.52841891   0.67534236   0.58670012   0.58914814   0.00000000   0.22856098   0.80709472   0.22728747   0.53693882   0.38596442   0.90196111   0.72984169   0.75981067   0.45534971   0.35129690   0.88678908   0.94134333   0.84036708   0.40607335   0.43614708  -0.03995234  -0.09641228   0.45235142   0.54674465   0.32149179   0.63712630   0.89552585   0.79012861   0.08911271   0.72587337   0.51757563   0.54173215   0.56107151   0.92334302   0.60714462   0.58131840   0.56610236   0.66992548   0.56454340   0.42455065   0.39554383   0.59450716   0.90731471   0.91656710   0.56833182   0.17579740   0.70838667   0.44451439  -0.11768987   0.50863174   0.67965196   0.53739691   0.76719147   0.69854257   0.71856794   0.72394427  -0.21375873   0.08750836   0.53116407   0.17550391   0.69985401   0.32640005   0.34045673   0.28500510   0.25921461   0.42427656   0.53492415   0.40576442   0.37950036   0.63292071   0.65314445   0.60556524   0.73674607   0.52466800   0.37338694   0.20446832   0.73952719   0.57604000   0.52226626   0.00000000   0.14391324   0.60612680   0.09754052   0.44956231   0.19712087   0.81683642   0.79057507   0.68551589   0.27649375   0.20471289   0.78016410   0.84368442   0.72963257   0.30612033   0.37113586  -0.31363282  -0.05127131  -0.04587678   0.39226760   0.09030148   0.75129389   0.69344987   0.70057100   0.02269833   0.86394728   0.33433902   0.63671312   0.33059280   0.75961982   0.60628020   0.30987855   0.56826991   0.68035547
  0.58866265   0.72873707   0.53134971   0.54299675   0.91924135   1.00000000   0.65560049   0.19181262   0.59158169   0.24159346  -0.16182439   0.31791695   0.47685325   0.65979292   0.87925319   0.72660159   0.73484718   0.88837477   0.09822435  -0.32572568   0.60820775  -0.24973790   0.62588025   0.32320378   0.14328492   0.42909440   0.36791540   0.35496910   0.46189944   0.32075601   0.48640580   0.85643505   0.70102297   0.63400915   0.92715694   0.59151360   0.60581801   0.42404850   0.60795897   0.49359923   0.53493665   0.00000000   0.12192455   0.72569354   0.10888821   0.45384957   0.29100718   0.91482157   0.78802860   0.77466937   0.39535349   0.31022516   0.87878313   0.94581625   0.80206194   0.41807404   0.37175907  -0.11639184  -0.16354711   0.43213180   0.51546781   0.22013755   0.51975996   0.87466656   0.75538725  -0.04778171   0.64174080   0.44778618   0.48306416   0.53079407   0.87071820   0.49842355   0.54610940   0.47675257   0.64655928   0.40705743   0.41107582   0.34315025   0.58299822   0.85173249   0.96709718   0.56325924   0.09108741   0.62128016   0.35171607  -0.16216334   0.46268359   0.59419668   0.46327902   0.77881064   0.64008429   0.75366896   0.76502406  -0.34374093   0.01552202   0.54598997   0.08701969   0.57326152   0.15585636   0.27776364   0.28173084   0.21484056   0.36871952   0.48048090   0.35226463   0.17579887   0.77565946   0.68441440   0.62341035   0.68798270   0.54349600   0.32956852   0.12337659   0.73518578   0.51297982   0.52464265   0.00000000   0.02595965   0.49939188   0.04519927   0.38012822   0.16547685   0.80859494   0.83492141   0.74943909   0.17957083   0.16391164   0.76308313   0.85765007   0.68531817   0.30958377   0.32812786  -0.40468253  -0.13087424  -0.09670716   0.39792170   0.01977590   0.80996386   0.72799009   0.61606253  -0.06887602   0.86667892   0.28334927   0.62004279   0.27760195   0.62972582   0.55099196   0.25870932   0.51381719   0.69961765
  0.75977200   0.43152759   0.83164165   0.89714850   0.67621521   0.65560049   1.00000000   0.80441881   0.79783062   0.63808387   0.39947797   0.74804869   0.70810304   0.80591813   0.83330098   0.88470037   0.88764942   0.80951383   0.42236652   0.25832507   0.65751881   0.36834484   0.69249247   0.54960176   0.58688085   0.83818267   0.77180275   0.83177511   0.89031313   0.75588673   0.55602294   0.62407122   0.86734321   0.82409786   0.62922187   0.88285618   0.71522169   0.73975328   0.75222710   0.80040059   0.88020962   0.00000000   0.26380018   0.61379471   0.63796286   0.88266564   0.80010537   0.74058901   0.85560554   0.91931145   0.68915770   0.52773516   0.86362688   0.73875398   0.84126416   0.67010097   0.78678875   0.31540264   0.32917897   0.65079742   0.78575511   0.60795125   0.74870240   0.71591484   0.70068118   0.51617565   0.88480157   0.87213051   0.84926352   0.86148752   0.69904243   0.76404967   0.75798388   0.79907211   0.88020377   0.63064955   0.36938607   0.79085233   0.83445185   0.64069060   0.63424538   0.94126379   0.71598081   0.80040784   0.64543793   0.19449175   0.74797412   0.56929946   0.49079294   0.74420715   0.86121969   0.84240754   0.83756254   0.16438916   0.39533855   0.54982423   0.51027173   0.70726425   0.61176529   0.62637629   0.66519687   0.61347025   0.82189327   0.85322891   0.68643628   0.50475349   0.38973213   0.83709484   0.60344473   0.71249158   0.76044679   0.54169868   0.47551617   0.75656763   0.78783735   0.88191207   0.00000000   0.43380703   0.59130185   0.44398103   0.86012916   0.58248588   0.81580639   0.79105389   0.87121946   0.51954366   0.48128369   0.82220122   0.75830641   0.77520629   0.56790219   0.68362310   0.06969978   0.32131863   0.27477773   0.47816778   0.37904271   0.68157282   0.68152072   0.77955817   0.39257237   0.82448716   0.73039981   0.85026415   0.71725353   0.66299593   0.74223820   0.51701091   0.72346529   0.80025767
  0.61205644   0.12776133   0.82854428   0.81994174   0.29448838   0.19181262   0.80441881   1.00000000   0.67572356   0.71418203   0.69597238   0.75222043   0.61245391   0.58439935   0.50465666   0.71909958   0.68766383   0.44047807   0.59426367   0.63973359   0.45625796   0.64692637   0.50911733   0.50769432   0.72664273   0.82404082   0.80462009   0.91985776   0.90648545   0.84035146   0.45995394   0.23027746   0.65321982   0.68414414   0.20279097   0.75407798   0.46038999   0.74714897   0.56915856   0.70089896   0.79590554   0.00000000   0.26678092   0.31900367   0.75258173   0.91271142   0.91957207   0.31947346   0.60921892   0.67146880   0.60380240   0.48905563   0.51056906   0.32827019   0.59488369   0.58091874   0.77994588   0.50816778   0.56797691   0.54402071   0.66180877   0.65905725   0.62712993   0.37556980   0.40222936   0.72332243   0.76932709   0.87677775   0.77692575   0.82012740   0.35382624   0.71770979   0.65046800   0.76782306   0.70913713   0.58896326   0.23104475   0.92767547   0.72278213   0.29894686   0.22213056   0.85201490   0.95729639   0.65183562   0.60874929   0.37722590   0.71168614   0.35531363   0.39291176   0.50996789   0.78069055   0.62395646   0.57023171   0.47814897   0.58155954   0.33791414   0.61594283   0.53964606   0.72581692   0.73914546   0.72834544   0.72145354   0.88785222   0.84362383   0.73379844   0.63393901   0.03522388   0.66007531   0.42956630   0.48835928   0.66209361   0.51925301   0.55137172   0.51073187   0.72704862   0.83460871   0.00000000   0.59598472   0.40178253   0.52382875   0.92342757   0.75688036   0.52485699   0.51742492   0.64798300   0.61185953   0.52078856   0.59362866   0.44040107   0.62606224   0.58745262   0.71824015   0.38709280   0.52842346   0.40039395   0.34849553   0.48301211   0.35852984   0.48795293   0.66189145   0.59490508   0.49944967   0.80902626   0.72041093   0.81784047   0.49920613   0.65655294   0.53512951   0.67927285   0.56998424
  0.76693836   0.36009505   0.73499261   0.76265757   0.69830545   0.59158169   0.79783062   0.67572356   1.00000000   0.77420506   0.42109470   0.71888055   0.72516834   0.78841294   0.79576601   0.84317995   0.74674957   0.62870630   0.41879714   0.30728835   0.63299390   0.41427889   0.74659231   0.49812436   0.77895945   0.77416350   0.75182572   0.73518026   0.76395828   0.84347506   0.53122072   0.52999115   0.73093493   0.78822930   0.58760470   0.80118278   0.64566896   0.75576668   0.70270012   0.73649966   0.81214574   0.00000000   0.27417361   0.61774533   0.63193057   0.75749773   0.77083209   0.64730910   0.72108828   0.74189230   0.70633139   0.54157905   0.78221847   0.65138660   0.85661869   0.73305629   0.78461736   0.37528221   0.42100713   0.60042141   0.72008383   0.65984740   0.71157594   0.62726419   0.62635500   0.63848264   0.86881380   0.74309343   0.80011155   0.76522076   0.71373748   0.94551191   0.70451826   0.87947318   0.77486700   0.59637046   0.34583123   0.67503709   0.70702261   0.62995034   0.57347849   0.72549485   0.59497378   0.94031487   0.84327985   0.28311176   0.65132305   0.60382764   0.50472149   0.67756844   0.80918504   0.70940904   0.68684838   0.30574917   0.42493789   0.58414824   0.57815339   0.68830550   0.57260748   0.68591480   0.57965134   0.62613299   0.71603635   0.73014907   0.75758970   0.45421035   0.34169852   0.73084054   0.50743510   0.64286036   0.62562938   0.55967937   0.59910498   0.65678059   0.69498246   0.75232226   0.00000000   0.42231626   0.63841914   0.53695261   0.73480315   0.60136569   0.71009219   0.68616276   0.65565428   0.58607060   0.52329162   0.75113245   0.64133979   0.77699886   0.54408759   0.68560115   0.18762458   0.43795285   0.37499427   0.49653641   0.47779296   0.54672262   0.56689387   0.68750344   0.55475875   0.81406787   0.65209594   0.76028342   0.66401738   0.67413114   0.85501744   0.57180368   0.80883082   0.72233011
  0.66106981   0.17541810   0.65911138   0.68000755   0.35810577   0.24159346   0.63808387   0.71418203   0.77420506   1.00000000   0.59827453   0.65085740   0.60649422   0.55824475   0.49052301   0.59264991   0.57949694   0.35391044   0.50226610   0.53882435   0.54550413   0.62514669   0.59737765   0.56723973   0.72526404   0.69450522   0.71691512   0.69804505   0.65082938   0.80586616   0.40521931   0.28261601   0.62609968   0.67711053   0.27984590   0.72664418   0.54272369   0.70058514   0.52640778   0.65927018   0.73433212   0.00000000   0.24789105   0.40539298   0.75182217   0.68782331   0.72908939   0.37365493   0.51595416   0.54884822   0.64340501   0.58990313   0.51118554   0.37179586   0.57096423   0.54697631   0.71035586   0.46889950   0.52448179   0.58768831   0.67016416   0.72934695   0.59070579   0.33830986   0.44394548   0.72846433   0.74980274   0.68843089   0.65463856   0.61128132   0.42995633   0.76603709   0.62827199   0.77538632   0.69436764   0.56158404   0.30000528   0.63417560   0.60575954   0.37253069   0.24346098   0.58630242   0.61857714   0.70679819   0.85199568   0.37441375   0.56398351   0.36460196   0.35838641   0.39601448   0.59825280   0.46712901   0.41064855   0.39729728   0.49568133   0.40596716   0.63068917   0.59383662   0.66254736   0.59555008   0.50700717   0.56183059   0.66248445   0.64850022   0.63019468   0.44128636  -0.00179658   0.57090603   0.44149096   0.47844188   0.53690567   0.48495703   0.54119903   0.46749980   0.60123376   0.64346880   0.00000000   0.52767598   0.47466171   0.56611330   0.66412378   0.48085678   0.47887632   0.45115569   0.43541351   0.66587000   0.55890935   0.54111902   0.40428178   0.52602878   0.41225434   0.58105038   0.28124286   0.47118597   0.42783890   0.38493624   0.53635684   0.29813957   0.34280152   0.58274921   0.56079647   0.51148726   0.57429949   0.58485816   0.56122111   0.51347254   0.62063597   0.52144931   0.66683812   0.54335572
  0.36767520  -0.07241671   0.52286956   0.46370471  -0.05309749  -0.16182439   0.39947797   0.69597238   0.42109470   0.59827453   1.00000000   0.46245234   0.30060391   0.21320989   0.12149001   0.29865522   0.26082200  -0.01525843   0.57938481   0.88094851   0.37084829   0.82965761   0.34437527   0.31853848   0.60980839   0.55903003   0.69229276   0.64111841   0.54476663   0.73367336   0.25473167  -0.00019235   0.28654135   0.40170174  -0.12142738   0.43659507   0.23453052   0.46323452   0.19914197   0.37177295   0.50049512   0.00000000   0.30057654   0.13950910   0.85395687   0.54996649   0.71018922  -0.05707122   0.18585476   0.23363334   0.46162996   0.57066281   0.11353887  -0.01395118   0.24136937   0.32341688   0.62871382   0.72156621   0.77104124   0.51851192   0.51139257   0.74715315   0.33851625   0.02820108   0.13146346   0.80747949   0.46363376   0.58520117   0.42952075   0.46899765   0.04950236   0.53272715   0.46709867   0.55148112   0.35572451   0.44387402   0.27638244   0.62075961   0.38759116   0.03210263  -0.12193597   0.44652631   0.71716025   0.47168063   0.53514469   0.76624404   0.49081880   0.25272335   0.25518914   0.20823903   0.43155831   0.22493395   0.21583964   0.70620517   0.75129022   0.34599907   0.76309987   0.34778452   0.62324934   0.63191191   0.54575000   0.66661210   0.65250746   0.54919189   0.64271770   0.50448491  -0.20624471   0.36565223   0.13403963   0.20135689   0.41549851   0.52565625   0.61728093   0.17114552   0.43160794   0.53085007   0.00000000   0.74928071   0.28420209   0.72712650   0.61481264   0.62587510   0.15280041   0.15978522   0.22589324   0.64721983   0.63012108   0.26513040   0.12057781   0.35636708   0.51368502   0.64021582   0.65855753   0.73059942   0.66294739   0.40800562   0.67834206   0.01912970   0.09700542   0.30359146   0.74980994   0.20756334   0.63586776   0.43768236   0.60837722   0.25951887   0.50027080   0.54542536   0.52984514   0.35135293
  0.75108464   0.18870862   0.70785161   0.85646304   0.42083341   0.31791695   0.74804869   0.75222043   0.71888055   0.65085740   0.46245234   1.00000000   0.87933268   0.85797599   0.59300334   0.78492563   0.71738486   0.46554671   0.42198795   0.41863249   0.45071866   0.45582400   0.56060778   0.60504478   0.69286799   0.73125242   0.64171197   0.77807914   0.81774734   0.70505347   0.56042775   0.21452646   0.65461133   0.74050336   0.33285639   0.76229207   0.49384588   0.83981404   0.85107833   0.94499507   0.81212346   0.00000000   0.18953281   0.43028099   0.59768626   0.81919093   0.69295557   0.48355626   0.59881822   0.73091649   0.59069646   0.44691290   0.63421128   0.42311635   0.65050457   0.65529702   0.70149454   0.29269429   0.34065873   0.49388964   0.60501550   0.58309246   0.81139612   0.47040382   0.51864555   0.54632101   0.74731326   0.72547484   0.90586558   0.69398642   0.49848342   0.75316483   0.58322265   0.84071995   0.74382233   0.64103998   0.16997983   0.69098767   0.67193935   0.43081787   0.33285077   0.69990307   0.67983961   0.65541612   0.56879780   0.10679874   0.64498942   0.42463254   0.32741246   0.48201642   0.70846667   0.58620261   0.52317277   0.26302523   0.32886419   0.28749812   0.46078961   0.58001553   0.72248602   0.59645805   0.52185760   0.51373624   0.71629350   0.71864710   0.53697362   0.55146467   0.09583200   0.54797635   0.42199236   0.55782454   0.45237077   0.37711317   0.33998818   0.56024049   0.72834018   0.69040527   0.00000000   0.35799976   0.50574561   0.34076556   0.77158595   0.48000306   0.61184014   0.50050207   0.58478737   0.53776196   0.39298945   0.60912438   0.47159338   0.56519488   0.41246541   0.56797514   0.13501518   0.30918698   0.18661885   0.21923544   0.30045393   0.44979323   0.53790398   0.70981133   0.38352114   0.51961027   0.60406315   0.66301218   0.58915815   0.59002633   0.60247456   0.34888611   0.57721744   0.50877617
  0.87357000   0.39199513   0.72735619   0.82469935   0.60916454   0.47685325   0.70810304   0.61245391   0.72516834   0.60649422   0.30060391   0.87933268   1.00000000   0.91349663   0.65496007   0.76891491   0.75073566   0.55158557   0.39099083   0.25533859   0.59041358   0.28984944   0.68025776   0.70810732   0.57325182   0.62170075   0.55464092   0.67974332   0.71506930   0.61880758   0.66030405   0.31766722   0.72117144   0.79428913   0.50671644   0.77778745   0.63138320   0.84169857   0.93161884   0.90217536   0.78518965   0.00000000   0.23761488   0.57244800   0.48942586   0.73796120   0.56840113   0.63075174   0.63656913   0.76623757   0.61272763   0.48071289   0.74033186   0.57503570   0.68456556   0.54163222   0.60408571   0.17749190   0.16497610   0.53557259   0.63734402   0.54953378   0.89696566   0.63599969   0.68315241   0.37358669   0.79349669   0.63698613   0.80507855   0.57918413   0.68494375   0.70051341   0.65291130   0.79988682   0.78159724   0.76660476   0.31874743   0.60828858   0.70437125   0.62046392   0.51456161   0.63067874   0.49268340   0.65574405   0.50409379  -0.05283822   0.63600938   0.51726718   0.45022921   0.55761915   0.67246604   0.58858416   0.54560752   0.14740844   0.26594739   0.41850739   0.35911826   0.70520304   0.73082075   0.52262340   0.40664756   0.37832649   0.61256071   0.69572233   0.42879121   0.55887229   0.18796228   0.56255297   0.52619316   0.66638701   0.46173918   0.39668507   0.28599789   0.65585985   0.70558316   0.63446099   0.00000000   0.33988266   0.56843134   0.20865087   0.66708943   0.29123473   0.67148202   0.58310345   0.60075738   0.52114433   0.40893836   0.69476948   0.61096313   0.54276800   0.34469190   0.48237823   0.00018255   0.13850787   0.07649375   0.29777863   0.25660024   0.58728280   0.57701189   0.78761483   0.19471268   0.58707030   0.45953895   0.64795626   0.40707890   0.73001090   0.55046228   0.33979713   0.57522193   0.55554169
  0.84756126   0.47694328   0.72442869   0.81508131   0.72696330   0.65979292   0.80591813   0.58439935   0.78841294   0.55824475   0.21320989   0.85797599   0.91349663   1.00000000   0.82814021   0.87882691   0.80679334   0.72155823   0.32694607   0.10393981   0.61492767   0.17131138   0.66524963   0.62187322   0.55700300   0.66356065   0.56865971   0.63936997   0.72867422   0.60813073   0.67631555   0.49301249   0.77575119   0.79515570   0.62203884   0.80429171   0.66488531   0.77405743   0.94237379   0.89914346   0.78438315   0.00000000   0.14688401   0.59986188   0.44235438   0.72754804   0.57580849   0.76367511   0.74254799   0.85072250   0.58318102   0.46708530   0.87812135   0.71650651   0.81411615   0.67086669   0.63142729   0.11518944   0.11900829   0.52595431   0.65624827   0.51452351   0.91584283   0.74752475   0.75690785   0.33696936   0.83047254   0.64760394   0.83509686   0.66473659   0.75996871   0.73959459   0.65408899   0.79764173   0.81721585   0.71745489   0.32236525   0.59839193   0.75172589   0.73044546   0.66080779   0.72431299   0.48047262   0.72468585   0.53121266  -0.03871765   0.68283462   0.61926937   0.49205070   0.72082906   0.77628516   0.70468279   0.68116075   0.01545890   0.22440824   0.47999128   0.35164055   0.66586236   0.63047721   0.53896692   0.44623075   0.39850575   0.61984219   0.72233521   0.48076724   0.51916923   0.39512051   0.68090196   0.57036103   0.68043770   0.53842801   0.43005420   0.32612763   0.75562943   0.76909306   0.68438908   0.00000000   0.25067738   0.58034623   0.23266298   0.66932673   0.34425351   0.80297297   0.70691803   0.72006417   0.46344592   0.37158374   0.81421387   0.74349809   0.68004544   0.39167797   0.51550210  -0.10429233   0.11607533   0.05951636   0.34314285   0.22540438   0.74613389   0.67299251   0.80792094   0.18061684   0.73598716   0.49320293   0.75826854   0.48638352   0.73282661   0.63095515   0.38160740   0.63817906   0.67492150
  0.72348443   0.57887012   0.69753028   0.70120517   0.87416202   0.87925319   0.83330098   0.50465666   0.79576601   0.49052301   0.12149001   0.59300334   0.65496007   0.82814021   1.00000000   0.90758093   0.78812263   0.84129470   0.27384071  -0.01383836   0.65230585   0.06344875   0.73261252   0.45170446   0.50408426   0.72273768   0.65434299   0.59762070   0.70366780   0.60562635   0.52434171   0.76402201   0.76680466   0.73810306   0.79848743   0.74773054   0.68319477   0.65281422   0.72188538   0.67797462   0.74158585   0.00000000   0.18430714   0.70328399   0.36378736   0.67218800   0.59874647   0.83329481   0.82947733   0.83954421   0.59870141   0.42770727   0.95955205   0.91797394   0.96825614   0.72598432   0.68460204   0.15546584   0.16614150   0.57655663   0.64828698   0.41910415   0.71595851   0.80865790   0.76236718   0.28930391   0.80282340   0.69632788   0.76615436   0.79121252   0.80769596   0.72009632   0.69981313   0.72000609   0.76872581   0.51942557   0.42893064   0.59985222   0.69965569   0.80818839   0.84508718   0.75574893   0.42993923   0.80875787   0.59233117   0.09353191   0.62308682   0.64423778   0.50960431   0.89374150   0.85987331   0.80673126   0.81186908  -0.07203492   0.27944454   0.58044174   0.36363201   0.65681637   0.38831862   0.59003895   0.53757985   0.52056440   0.63668764   0.69724523   0.63222546   0.36182393   0.66016711   0.80172500   0.60188937   0.68115018   0.68287045   0.54136426   0.42921382   0.76947054   0.67540085   0.72028132   0.00000000   0.25330474   0.54138207   0.31546839   0.62383940   0.47785223   0.82978318   0.82031610   0.79987621   0.38900371   0.34868470   0.88723089   0.88123352   0.88610089   0.53052518   0.62333200  -0.15285809   0.21194810   0.15015448   0.46500681   0.25316625   0.80898068   0.73030228   0.72508113   0.24697416   0.93093045   0.58039507   0.82533049   0.61026034   0.64891943   0.75640156   0.50409096   0.71750832   0.78423195
  0.75598381   0.46686082   0.78992601   0.82914411   0.77117666   0.72660159   0.88470037   0.71909958   0.84317995   0.59264991   0.29865522   0.78492563   0.76891491   0.87882691   0.90758093   1.00000000   0.85393080   0.79074904   0.36472890   0.18034080   0.55304439   0.23758228   0.67120290   0.50359284   0.63695427   0.76274569   0.68990083   0.78360126   0.88179444   0.70306777   0.60357157   0.62152238   0.77809383   0.78829438   0.67772565   0.79668505   0.59651410   0.76236040   0.80750468   0.81496762   0.80260209   0.00000000   0.24967133   0.61105279   0.49971947   0.86065865   0.74050081   0.75588365   0.83394027   0.87165279   0.57822426   0.40148804   0.87496435   0.77162810   0.91940323   0.71815647   0.71888073   0.18758353   0.22925179   0.50220481   0.63210668   0.49913198   0.76069215   0.75940564   0.67000609   0.43418829   0.85566093   0.79031316   0.86121857   0.87413239   0.76272109   0.81622102   0.66109998   0.82674603   0.80455383   0.57773351   0.28779176   0.76573176   0.75544547   0.69458897   0.70966360   0.83906535   0.64207655   0.80622123   0.61610798   0.11926668   0.67590561   0.57901862   0.47077841   0.80541716   0.92333133   0.82305474   0.76671411   0.06058813   0.32670959   0.44300140   0.42755537   0.63358040   0.52279853   0.63976579   0.58657584   0.56915554   0.75925450   0.79462860   0.65995091   0.49502947   0.52662311   0.78475300   0.61114380   0.69832014   0.63858929   0.47558339   0.41413714   0.74372274   0.76342261   0.79246257   0.00000000   0.31462307   0.54037109   0.34517491   0.80747070   0.59869486   0.81229281   0.78839276   0.80938981   0.47253520   0.33095314   0.83523299   0.75500282   0.83994814   0.50751010   0.63394438  -0.04497268   0.25045014   0.13443176   0.35242067   0.24687870   0.70004354   0.74726751   0.77621993   0.34220631   0.83010144   0.66771558   0.81832923   0.71119292   0.67822132   0.75956550   0.45535157   0.71398082   0.72260758
  0.78264314   0.58514725   0.83493900   0.93186685   0.73892725   0.73484718   0.88764942   0.68766383   0.74674957   0.57949694   0.26082200   0.71738486   0.75073566   0.80679334   0.78812263   0.85393080   1.00000000   0.88446315   0.38602474   0.11526061   0.65094518   0.20155248   0.72586181   0.58166077   0.44787373   0.72817950   0.65400365   0.79782657   0.83353264   0.67147202   0.62365604   0.64381519   0.93423641   0.87863135   0.76781119   0.89506508   0.70758250   0.74813757   0.83341973   0.81294478   0.86531699   0.00000000   0.27675974   0.66220116   0.49057276   0.86081078   0.67172510   0.82826125   0.94303761   0.97093927   0.60664491   0.46896179   0.85423745   0.75422944   0.78575515   0.54120763   0.65617438   0.11333483   0.10080458   0.59502140   0.75809906   0.53543201   0.74192221   0.81186532   0.74785362   0.33822020   0.87560703   0.79653705   0.76977414   0.75165251   0.78916583   0.72237594   0.73629181   0.77785409   0.91920318   0.68869536   0.38192082   0.72745867   0.86069353   0.73558864   0.76056719   0.83072546   0.55922991   0.74671409   0.53071144  -0.04483794   0.74269822   0.60166054   0.54004529   0.74004697   0.81661320   0.92429544   0.85752053  -0.02198183   0.21496109   0.47315361   0.32955321   0.73369917   0.59364460   0.51603519   0.57130937   0.47235918   0.75072156   0.80023481   0.55793213   0.47605924   0.45187247   0.81955110   0.71180576   0.84329870   0.69524734   0.40328257   0.26799292   0.83068473   0.81666762   0.84398281   0.00000000   0.28773219   0.62581632   0.21493407   0.80213986   0.42344958   0.87883830   0.90657342   0.90640331   0.47795751   0.34771061   0.82934962   0.79399081   0.70331203   0.47514948   0.55342508  -0.13691190   0.07894771   0.03897162   0.38308746   0.18448163   0.74833910   0.79549441   0.84993237   0.20622454   0.78262094   0.60491361   0.78620631   0.54002622   0.76648144   0.69435398   0.37658785   0.67686520   0.78852773
  0.60993392   0.63915193   0.62848389   0.70631091   0.80405765   0.88837477   0.80951383   0.44047807   0.62870630   0.35391044  -0.01525843   0.46554671   0.55158557   0.72155823   0.84129470   0.79074904   0.88446315   1.00000000   0.15644554  -0.20651213   0.55988937  -0.09253149   0.58427873   0.37219697   0.22442765   0.56673745   0.46577363   0.53650938   0.63564001   0.43237227   0.55026735   0.78307523   0.83489348   0.71427525   0.86217734   0.74552806   0.63876472   0.50149521   0.69833627   0.60351075   0.66271986   0.00000000   0.11345500   0.60265231   0.24065746   0.63168779   0.48886811   0.91053776   0.91944003   0.90552246   0.45669429   0.29018385   0.88508014   0.84160616   0.77135160   0.48221083   0.49739608  -0.09082942  -0.10830663   0.45926153   0.60797449   0.32261745   0.58196640   0.86873926   0.73872630   0.12186575   0.71772658   0.61110794   0.59942724   0.66090975   0.81148983   0.55412448   0.59346750   0.56524818   0.77613563   0.47597863   0.30210155   0.52027452   0.71635029   0.75926859   0.86757955   0.74157526   0.32558796   0.63652757   0.40196345  -0.14180681   0.59644139   0.57297578   0.47717489   0.76866360   0.71733802   0.87868549   0.87443349  -0.28156910   0.01491480   0.44704141   0.16224629   0.56854626   0.28801867   0.31668090   0.42972525   0.29942239   0.52698107   0.60650710   0.42550790   0.27362005   0.64847811   0.77408186   0.65452905   0.73091787   0.64448851   0.28666839   0.16953615   0.81150654   0.68182586   0.69738450   0.00000000   0.07073652   0.48376817   0.10898975   0.57639494   0.30115362   0.88071466   0.90270483   0.89923477   0.26808109   0.18432115   0.80529533   0.82716901   0.67050182   0.36725912   0.39925037  -0.34159765  -0.08408200  -0.06247888   0.34461604   0.03847557   0.81480496   0.75861436   0.67525862   0.04291268   0.81396614   0.42437810   0.71881531   0.41378111   0.64897631   0.59016430   0.30161818   0.54469210   0.74950243
  0.46556903   0.27003045   0.69985374   0.53894149   0.14515450   0.09822435   0.42236652   0.59426367   0.41879714   0.50226610   0.57938481   0.42198795   0.39099083   0.32694607   0.27384071   0.36472890   0.38602474   0.15644554   1.00000000   0.59950067   0.55274760   0.41077696   0.45883781   0.49725574   0.51433904   0.53902237   0.63899180   0.58044266   0.50555884   0.64383250   0.36656453   0.12293786   0.47379487   0.48577587   0.06586946   0.53229912   0.44454170   0.59526258   0.33598379   0.42859927   0.54116133   0.00000000   0.23463815   0.26064367   0.54818484   0.53741605   0.54137450   0.14728749   0.32829952   0.38665769   0.47863064   0.57062274   0.28010061   0.21200326   0.33013655   0.33816339   0.51220274   0.68002079   0.58600147   0.59039097   0.62111982   0.54466213   0.47224696   0.17554203   0.36600719   0.46615383   0.57879733   0.55468663   0.40481804   0.40876415   0.22500743   0.48807661   0.62673935   0.57869703   0.54515937   0.57688909   0.48745779   0.64356051   0.62660995   0.29029759   0.18074119   0.48750924   0.57414595   0.45203624   0.36468824   0.32495175   0.61800263   0.33584322   0.43086817   0.41949766   0.49854424   0.34598612   0.32864209   0.53775403   0.70751044   0.50722175   0.45367469   0.47202242   0.62699617   0.68229820   0.54205355   0.56676955   0.59427333   0.64403375   0.56090767   0.47286781  -0.07531641   0.53567846   0.49495742   0.39859325   0.54555769   0.64336428   0.54807455   0.38639800   0.50826305   0.59505665   0.00000000   0.57799037   0.40038504   0.39733093   0.53900821   0.43533886   0.30279554   0.35650913   0.36551335   0.62858250   0.61549506   0.46795392   0.40016960   0.42822146   0.48679682   0.57861357   0.42776628   0.45437272   0.42814597   0.51738181   0.52122587   0.35526385   0.33209813   0.53051495   0.40717037   0.32379969   0.52248363   0.54393822   0.46821215   0.43396981   0.45453717   0.56583537   0.63407711   0.52434597
  0.31536309  -0.22772606   0.45774713   0.37058725  -0.16975646  -0.32572568   0.25832507   0.63973359   0.30728835   0.53882435   0.88094851   0.41863249   0.25533859   0.10393981  -0.01383836   0.18034080   0.11526061  -0.20651213   0.59950067   1.00000000   0.25502336   0.78605041   0.28694957   0.31852341   0.63044681   0.49988249   0.62733806   0.60196280   0.45860925   0.65060046   0.15278679  -0.19803245   0.14894120   0.32059677  -0.24816833   0.31350393   0.12590071   0.47857203   0.10885005   0.30117621   0.41663632   0.00000000   0.25014054   0.07025961   0.70817022   0.46853254   0.61091280  -0.21324604   0.03730584   0.08841465   0.43623750   0.46387068  -0.03240763  -0.13240730   0.13145663   0.23992864   0.54413286   0.71374150   0.76763095   0.42601052   0.40541786   0.61658967   0.26671429  -0.14506817   0.03270222   0.72558086   0.35710710   0.52163790   0.35647346   0.35807828  -0.07760539   0.43477388   0.40783077   0.49103976   0.24365315   0.40878947   0.23852552   0.55741763   0.26133619  -0.07587716  -0.25816720   0.31473667   0.66588413   0.32683487   0.40934147   0.63599650   0.40304491   0.15713528   0.22351411   0.07890909   0.32170465   0.07932758   0.05569947   0.78871094   0.71720552   0.23131862   0.66348817   0.30168710   0.61094813   0.61218191   0.49047590   0.62423944   0.57228921   0.45070824   0.55841843   0.48797120  -0.38182570   0.22601907   0.05875069   0.11213026   0.33308792   0.50770398   0.60326495   0.04864242   0.33147257   0.41929148   0.00000000   0.74551807   0.25166435   0.59624519   0.51003860   0.54422246   0.00788330   0.01110230   0.06433835   0.65474891   0.58539785   0.14993164   0.00232805   0.25635170   0.45254222   0.58126383   0.72680033   0.71760507   0.64361423   0.35172931   0.63021370  -0.11601615  -0.03179253   0.24714054   0.67099900   0.04052857   0.56596073   0.31793651   0.52553039   0.18495920   0.37842967   0.54583845   0.45420688   0.20349706
