  1.00000000   0.35988356   0.44017109   0.60310476   0.68245099   0.59940275   0.53015193   0.38258808   0.38673360   0.48605849   0.04211026   0.54851254   0.76642464   0.35723423   0.58120406   0.53725871   0.25883572   0.32078562  -0.11108685  -0.27064830   0.26927253   0.56746353   0.24704066   0.88815720   0.08830053   0.44184049   0.35117945   0.53879659   0.55141631   0.38529556   0.79170858   0.66335197   0.36045105   0.38739556   0.12334914   0.42212582   0.20471121   0.33232597   0.34238531   0.30016882   0.38485164   0.00000000   0.06086995   0.29130896   0.54551010   0.58504366   0.32612911   0.67242657   0.55394288   0.47731056   0.26751358   0.48579903   0.57308993   0.57701015   0.53595269   0.30231538   0.42773551   0.11852172   0.29847390   0.17699818   0.50192562   0.48834499   0.50478093   0.76659577   0.86104868   0.47445113   0.55928769   0.54502925   0.48947080   0.53698803   0.83334489   0.22624039   0.33320214   0.55931623   0.51091749   0.72291535   0.23521873   0.39578543   0.32359592   0.68831638   0.69149275   0.55049470   0.34256928   0.42025739   0.34267519   0.23414149   0.52861575   0.76777857   0.60292654   0.50946060   0.46754644   0.18224963   0.37934479  -0.04311708  -0.07568605   0.17094084   0.44017003   0.47913628   0.81243482   0.16327003   0.30596030   0.30329340   0.46677899   0.44264881   0.40434167   0.84357945   0.74776770   0.44068948   0.55735651   0.09391762   0.49786489   0.33056716   0.40010990   0.60431371   0.37050525   0.45857344   0.00000000   0.00109386   0.33508685   0.41188625   0.49824524   0.40873448   0.62400819   0.25581735   0.54048565   0.28058151   0.29804783   0.48748108   0.50642077   0.52316884   0.36225919   0.30442789   0.27465497   0.17516819   0.38276232   0.45564128   0.57768386   0.59952799   0.65855524   0.74036720   0.27475563   0.55036003   0.41563011   0.41660720   0.35310532   0.81839718   0.35613855   0.47007251   0.49443410   0.61238041
  0.35988356   1.00000000   0.56376081   0.35295921   0.22947236   0.33995955   0.38330350   0.34186763   0.32009161   0.33217312   0.37534512   0.20612056   0.39627127   0.18672003   0.34554992   0.36496927   0.21955135   0.20655083   0.46277183   0.26489824   0.69348394   0.66746977   0.40544537   0.37325198   0.19331891   0.35949327   0.46616207   0.44035014   0.47115519   0.40736489   0.42466750   0.42060981   0.17815682   0.36729382   0.28599138   0.22178342   0.68845637   0.60819004   0.20357259   0.08950565   0.23581116   0.00000000   0.62093867   0.19486224   0.46906179   0.45477780   0.26913639   0.30155632   0.40758732   0.18569659   0.33690964   0.61532768   0.30266105   0.28230224   0.36952783   0.26335087   0.41583174   0.60651060   0.50510227   0.46923480   0.61095770   0.57866195   0.19224969   0.42275018   0.27517593   0.43888577   0.41872848   0.41077579   0.28543020   0.41852017   0.42747087   0.32464661   0.68948787   0.47062916   0.27711155   0.24691803   0.83070478   0.50456379   0.31656493   0.23929169   0.46323545   0.45118614   0.41194518   0.34068578   0.27555439   0.45361775   0.31971248   0.41359544   0.28014612   0.20817036   0.35750231   0.21566532   0.25141428   0.42808025   0.56008144   0.60839791   0.64289897   0.42583210   0.32578908   0.42697005   0.39276900   0.65649213   0.52930981   0.41773138   0.45351562   0.48313269   0.42102048   0.40878985   0.41899631   0.26543151   0.41290221   0.72607836   0.66581564   0.22991803   0.23159818   0.29004359   0.00000000   0.67696823   0.39922092   0.49617008   0.45402198   0.47110245   0.32866710   0.27962062   0.30196325   0.49835036   0.53480031   0.29426877   0.25409671   0.37920745   0.39304012   0.43075257   0.46580733   0.63245781   0.69357872   0.67935442   0.54523917   0.25718494   0.34837693   0.38725393   0.40435534   0.52128094   0.38588881   0.39252441   0.36792248   0.38714353   0.30802245   0.72493336   0.50214556   0.48991217
  0.44017109   0.56376081   1.00000000   0.38513449   0.43136856   0.53471334   0.41332972   0.52068196   0.58611264   0.23438291   0.44373637   0.45527542   0.45128934   0.42911930   0.52077652   0.58657999   0.16823582   0.26095839   0.30579379   0.25883583   0.30171315   0.36909130   0.18746691   0.50600370   0.40804436   0.53201636   0.72170486   0.78402024   0.76001869   0.63878547   0.41009749   0.38669725   0.37234506   0.50267950   0.45455736   0.36771440   0.45726347   0.46793073   0.31849762   0.37411854   0.31762101   0.00000000   0.48989268   0.36411613   0.42139393   0.70051224   0.56174923   0.37709068   0.60214441   0.35791977   0.25384994   0.35002401   0.60234504   0.49026276   0.51791766   0.35958040   0.61892750   0.36011108   0.40595526   0.26611302   0.44097337   0.31145752   0.52155468   0.41089580   0.50947112   0.46411815   0.52715158   0.66855842   0.54754679   0.63573842   0.49136082   0.54939556   0.59627949   0.43746375   0.37594154   0.35269600   0.49760481   0.76893067   0.42476080   0.44720231   0.59105958   0.51045062   0.63590930   0.62369189   0.15333275   0.52915620   0.41918694   0.49271420   0.42384453   0.26980463   0.56115029   0.24969898   0.30445426   0.35282165   0.39380629   0.33557123   0.40496687   0.15194305   0.43148071   0.58871350   0.69264583   0.70961170   0.74825564   0.73893361   0.66561163   0.55173560   0.47987135   0.48298909   0.63203683   0.16820177   0.64586288   0.48083110   0.67529575   0.40023464   0.25484838   0.42709131   0.00000000   0.45238612   0.32905104   0.41081029   0.64028119   0.67990712   0.38787922   0.41221493   0.45999248   0.44289395   0.29878674   0.49511878   0.46179937   0.65807488   0.61902448   0.64364703   0.23486266   0.48436722   0.48814201   0.35557175   0.31254414   0.41728807   0.33496762   0.43743013   0.63157541   0.61280696   0.64282176   0.67088862   0.58434855   0.37489270   0.64503020   0.52759013   0.63691202   0.58745468
  0.60310476   0.35295921   0.38513449   1.00000000   0.79261882   0.69724918   0.61069794   0.59099297   0.60849533   0.73158677   0.36223400   0.80268308   0.61058402   0.54739020   0.72304595   0.57810877   0.59159878   0.72636057   0.27854087   0.06832617   0.33853802   0.57814654   0.20661352   0.49308402   0.46849007   0.75037311   0.35670712   0.54333674   0.58180652   0.65914439   0.31238331   0.61884896   0.67300778   0.48612213   0.27481988   0.75047220   0.13518990   0.27675631   0.61543877   0.55330515   0.80653948   0.00000000   0.32594040   0.15794014   0.63058955   0.73022126   0.51483719   0.76282387   0.74289573   0.87662086   0.02435062   0.52351137   0.76748260   0.70127809   0.57414180   0.52909071   0.62381165   0.39265595   0.48402383   0.38921321   0.35236373   0.46957263   0.59524508   0.34676053   0.58657455   0.74837506   0.81177534   0.68769104   0.70463452   0.51670932   0.52226133   0.44377979   0.18246736   0.68150506   0.75580610   0.38261596   0.35420479   0.47471996   0.65835409   0.59241611   0.68129648   0.50312360   0.51431328   0.61607640   0.57027052   0.38122705   0.72664582   0.54104833   0.58869792   0.51726935   0.44621457   0.55119852   0.66861533   0.25474482   0.04637560   0.37494593   0.62782155   0.28086150   0.43127032   0.30352296   0.42625594   0.21465919   0.46075905   0.50815288   0.57899928   0.45855444   0.66418298   0.67745267   0.70306515   0.41931112   0.71504606   0.11668154   0.39043455   0.61681566   0.54318435   0.80629838   0.00000000   0.32433783   0.13229057   0.48342661   0.59616632   0.44485904   0.64660196   0.37487187   0.77141480   0.21735353   0.54205916   0.57613000   0.52390771   0.59011866   0.52016591   0.37695885   0.35652883   0.26770477   0.42543699   0.20688592   0.47430725   0.52901773   0.46158768   0.51461268   0.54370869   0.78568624   0.48095828   0.52353338   0.37558667   0.39904799   0.49053094   0.26899164   0.65664704   0.71580765
  0.68245099   0.22947236   0.43136856   0.79261882   1.00000000   0.83207116   0.68238152   0.66664066   0.69771589   0.64762432   0.23781222   0.75495429   0.68205746   0.60963796   0.82837529   0.73222444   0.36799064   0.53767240   0.10637093  -0.05738186   0.16299804   0.43575053  -0.01047049   0.60577810   0.38977781   0.63429038   0.35550863   0.61579367   0.68005807   0.63173703   0.35651640   0.57643977   0.49887827   0.57215525   0.31817757   0.67291414  -0.01162197   0.12618819   0.53670123   0.57963314   0.63667357   0.00000000   0.17328529   0.32943920   0.52662999   0.77824773   0.60845706   0.73963791   0.69389828   0.75699280  -0.00417362   0.44177581   0.81896059   0.76586335   0.74979865   0.53960530   0.59940678   0.31765696   0.45876906   0.30350008   0.43164522   0.41307305   0.69053161   0.34527450   0.71127150   0.62606629   0.80563475   0.71157013   0.72337682   0.64648787   0.60659278   0.47711552   0.19180460   0.63551309   0.71372826   0.51697079   0.23703163   0.57183082   0.53948872   0.72462671   0.79002356   0.63194283   0.57907598   0.68519676   0.40884934   0.37857446   0.66102269   0.62449280   0.63569144   0.54725702   0.63861528   0.40615625   0.54911362   0.19966564   0.01176806   0.15470228   0.45487428   0.08393122   0.51731843   0.31540980   0.44703742   0.21065743   0.53618993   0.63488614   0.58394986   0.50037045   0.68933709   0.46295086   0.69425516   0.24348572   0.67694811  -0.02935660   0.32882311   0.65047367   0.56906030   0.71198914   0.00000000   0.14704907   0.01145028   0.36755654   0.68560508   0.49758500   0.63396173   0.34340634   0.74092567   0.00273380   0.31546144   0.61911934   0.59089125   0.73365048   0.51408360   0.45946905   0.32999444   0.26816229   0.37228177   0.07544715   0.38523845   0.56781550   0.46150741   0.54429885   0.45861391   0.76476258   0.61777420   0.51575837   0.54679191   0.50945678   0.60571746   0.16462336   0.66034765   0.63403109
  0.59940275   0.33995955   0.53471334   0.69724918   0.83207116   1.00000000   0.67668373   0.64954753   0.73921191   0.51514438   0.48943975   0.76085364   0.66742117   0.76402687   0.83928896   0.84980868   0.32455655   0.52987067   0.27472925   0.28158787   0.20407671   0.41028111   0.05534617   0.52213259   0.56443462   0.76301410   0.48146242   0.74261381   0.78564648   0.73750375   0.30908916   0.54431332   0.51610682   0.71937003   0.48141501   0.70001686   0.10669458   0.31093772   0.55884655   0.71224652   0.66532333   0.00000000   0.36921191   0.50241979   0.50771205   0.79174943   0.62703058   0.68027946   0.71128798   0.69907440   0.08257703   0.46436630   0.78678237   0.80348440   0.73455915   0.68330514   0.59613003   0.42841399   0.51900862   0.38269428   0.40709733   0.33362930   0.70825872   0.31521427   0.60328549   0.60721095   0.79923540   0.73541429   0.74977115   0.67805854   0.66501219   0.61870635   0.32431990   0.71209996   0.65627121   0.31070029   0.36331848   0.66036466   0.64606683   0.55984495   0.83300475   0.67108867   0.69297074   0.72305444   0.22951542   0.51908264   0.58897172   0.53432750   0.51552454   0.48503634   0.69921481   0.47573366   0.57412736   0.45939405   0.27041513   0.24870914   0.45611692   0.10706420   0.45676182   0.51205651   0.63960620   0.34880756   0.67376143   0.71860707   0.65134431   0.47955158   0.70246871   0.50750133   0.75144300   0.44266281   0.69079696   0.10881636   0.45992497   0.62454550   0.53575061   0.75268990   0.00000000   0.31775966   0.21778850   0.38496526   0.72172496   0.65849040   0.72434922   0.46112990   0.80809768   0.20147843   0.42245860   0.58972082   0.64319409   0.72713499   0.66752511   0.50019830   0.46674141   0.39486214   0.44861666   0.11305557   0.32246378   0.50729838   0.47044537   0.51501950   0.57455044   0.75900268   0.67392211   0.57195640   0.60129704   0.29744777   0.72248184   0.22762260   0.77119946   0.64845650
  0.53015193   0.38330350   0.41332972   0.61069794   0.68238152   0.67668373   1.00000000   0.79461361   0.59450124   0.34292161   0.26720070   0.55457807   0.50694531   0.37045632   0.84255898   0.77168128   0.13458779   0.27920870   0.15484377   0.05819598   0.12015717   0.41256761  -0.08081518   0.41588798   0.23454624   0.61750619   0.39220203   0.63492247   0.72314987   0.58460407   0.34279623   0.33176516   0.25403746   0.38157720   0.11943720   0.47260560   0.13512117   0.16875850   0.27314032   0.41185889   0.47581176   0.00000000   0.29275139   0.15113098   0.40954391   0.78817439   0.69357968   0.49898721   0.45982028   0.57774583   0.15597284   0.44251894   0.70588137   0.73418195   0.86688867   0.44042485   0.60344293   0.25957730   0.41550514   0.26844189   0.37234296   0.37048110   0.44071056   0.34364713   0.48022600   0.46657062   0.66234008   0.77177968   0.68615684   0.83643509   0.51479470   0.35531539   0.28174887   0.46037556   0.46852242   0.43754578   0.26150195   0.66699418   0.50598946   0.48631255   0.72656037   0.85403905   0.73713838   0.58093354   0.16844184   0.32945436   0.61736160   0.50433459   0.53240608   0.65171978   0.74065301   0.23298692   0.30727432   0.27528791   0.09831488   0.02896891   0.31515590   0.05525263   0.29562378   0.35236168   0.53525896   0.37435485   0.71025510   0.75772654   0.65168815   0.38277072   0.47427713   0.34542982   0.45655804   0.07969588   0.57945261   0.04458441   0.39963674   0.46319662   0.59985533   0.53656284   0.00000000   0.20196393  -0.07490210   0.29129984   0.83473800   0.66795234   0.43654574   0.26989182   0.63998896   0.00933028   0.22265043   0.70606799   0.68966683   0.80188137   0.53705261   0.61656776   0.27051049   0.26839528   0.38206615   0.12251005   0.27022620   0.48829642   0.19479460   0.34399963   0.40845300   0.73677626   0.75423991   0.64763012   0.75755464   0.43910425   0.61468917   0.27103877   0.49419024   0.51407332
  0.38258808   0.34186763   0.52068196   0.59099297   0.66664066   0.64954753   0.79461361   1.00000000   0.67825114   0.29057010   0.40434365   0.63048060   0.36077930   0.53155790   0.84584006   0.80835668   0.02683580   0.25772059   0.34409807   0.24494964   0.00624642   0.34414702  -0.19694467   0.30133835   0.30609428   0.68923894   0.44610215   0.66457854   0.74913783   0.65157141   0.19139629   0.21275263   0.27122303   0.55579031   0.33956501   0.49983572   0.09509262   0.19746934   0.37185577   0.56714048   0.40265037   0.00000000   0.42020020   0.38218037   0.41816375   0.81051202   0.85856630   0.38228592   0.55039688   0.55765027   0.02176058   0.47071726   0.72025889   0.71274188   0.76963023   0.51862574   0.68992537   0.44911807   0.51471132   0.42236292   0.28864318   0.27081297   0.53285523   0.16188849   0.38887226   0.51731737   0.61547397   0.80612056   0.65580552   0.81645570   0.40941963   0.48975743   0.34017212   0.53412106   0.46469792   0.39746380   0.27931966   0.72980946   0.49898213   0.51424693   0.62015990   0.65980999   0.88107725   0.61827741   0.06469615   0.37456140   0.63956778   0.44758461   0.56301161   0.54956711   0.79806390   0.15689009   0.40465221   0.38002897   0.12300818   0.07819385   0.30803997  -0.07045862   0.24117062   0.41507128   0.59699033   0.38497554   0.67484955   0.77790839   0.65988074   0.32084427   0.48194648   0.25925072   0.59664302   0.17711330   0.64963389   0.00217656   0.49382662   0.46595499   0.57007074   0.54882042   0.00000000   0.31594980  -0.03706974   0.28796239   0.79708010   0.67583404   0.43046477   0.15721147   0.65194983   0.08405223   0.26773660   0.70274007   0.58760319   0.81773579   0.63637498   0.68816657   0.29731483   0.31778748   0.41920522  -0.02350209   0.16370227   0.55258472   0.25658767   0.27390932   0.50415204   0.67956159   0.79365931   0.66353322   0.78703487   0.29230569   0.68027408   0.22424810   0.60536884   0.46872473
  0.38673360   0.32009161   0.58611264   0.60849533   0.69771589   0.73921191   0.59450124   0.67825114   1.00000000   0.42780846   0.48883770   0.69711041   0.40644134   0.58695454   0.78304768   0.72148008   0.35188931   0.53071450   0.36458467   0.25071743   0.23192610   0.21248128   0.08339516   0.29635857   0.69916433   0.79271415   0.55552585   0.81045718   0.80651197   0.87089619   0.16258630   0.31819474   0.59313813   0.61836500   0.46915852   0.77042689   0.32692714   0.40247892   0.46683085   0.64474657   0.64147299   0.00000000   0.36046816   0.37103895   0.40616503   0.84150347   0.79700310   0.39305523   0.69740990   0.68489817   0.18357770   0.27845737   0.76844605   0.73824342   0.70879416   0.75790367   0.67089486   0.34745611   0.53074641   0.36828930   0.41936791   0.34689544   0.53274085   0.12193534   0.39552668   0.60068621   0.80812457   0.79930489   0.74136214   0.70002318   0.33432079   0.88086931   0.47979660   0.66811305   0.62654258   0.25961205   0.22020183   0.63417536   0.61906847   0.41437252   0.62123287   0.61009952   0.71857766   0.90770257   0.19781219   0.55197619   0.48783517   0.35171478   0.38204184   0.44518855   0.66403993   0.35232724   0.35486271   0.41076908   0.28252626   0.13390894   0.30005392  -0.12161387   0.16874474   0.62175534   0.70526235   0.38660530   0.68293034   0.73709021   0.69605079   0.29738786   0.41023891   0.54950031   0.56719232   0.22367819   0.71128739   0.07396068   0.46365407   0.43038798   0.49800938   0.68554105   0.00000000   0.29371411   0.02606480   0.32700198   0.76306928   0.69780242   0.31963672   0.42393027   0.62704480   0.09387016   0.23893725   0.46089719   0.52988698   0.65630431   0.68764280   0.61627521   0.31254111   0.42903315   0.39309081  -0.06603707   0.11026217   0.27874556   0.12450058   0.23180575   0.68424772   0.78513250   0.77264341   0.56021251   0.60614865   0.19519283   0.85278617   0.17497687   0.71225618   0.67900783
  0.48605849   0.33217312   0.23438291   0.73158677   0.64762432   0.51514438   0.34292161   0.29057010   0.42780846   1.00000000   0.31564916   0.50923624   0.44267506   0.38810763   0.43491953   0.29653659   0.54365852   0.59791147   0.32616757   0.02141527   0.45453336   0.58757086   0.26638881   0.45021503   0.47002029   0.40822006   0.24861409   0.33261115   0.36896512   0.49697155   0.31500983   0.60299848   0.51155594   0.29510748   0.15721786   0.56784050   0.20134645   0.31587574   0.48508742   0.30224175   0.60048135   0.00000000   0.24685052   0.08004377   0.71258908   0.48667943   0.19024350   0.61659299   0.49457508   0.60692303  -0.02251097   0.41455661   0.54672257   0.33558578   0.39781759   0.33189426   0.47735460   0.45011159   0.50127257   0.35905985   0.37905129   0.51668240   0.41621985   0.32973588   0.51758710   0.72501523   0.73587566   0.41378354   0.48206756   0.26687857   0.48874133   0.28254911   0.14626898   0.57538939   0.56577701   0.23661527   0.40671793   0.29201680   0.40152635   0.49032122   0.48880298   0.25062275   0.16441165   0.49367647   0.81908868   0.35031127   0.49374449   0.35043047   0.39743190   0.32008112   0.17793771   0.43460711   0.54716376   0.22554048   0.07207684   0.47105635   0.65190028   0.32964406   0.43553298   0.21161717   0.17273457   0.17911370   0.26524802   0.26187110   0.41716277   0.40600024   0.57516137   0.52482780   0.53938417   0.32043101   0.43809551   0.21141166   0.27823489   0.47727332   0.32472412   0.52335578   0.00000000   0.30304032   0.21069576   0.53518706   0.33584665   0.22483635   0.53062220   0.27059450   0.52291873   0.18049208   0.49361166   0.40676874   0.26424464   0.39318190   0.23276137   0.21947224   0.29739066   0.28152803   0.38950456   0.30410137   0.50961913   0.28786202   0.47093263   0.53853159   0.41124466   0.61886664   0.24205948   0.27762195   0.13759315   0.35859713   0.26102800   0.28113870   0.47546152   0.54784495
  0.04211026   0.37534512   0.44373637   0.36223400   0.23781222   0.48943975   0.26720070   0.40434365   0.48883770   0.31564916   1.00000000   0.48691172   0.15784975   0.60081771   0.39748143   0.46217252   0.18769869   0.39756605   0.64301919   0.76611587   0.18495471   0.37329212  -0.00267193  -0.06075039   0.59203989   0.62265107   0.58999666   0.51311539   0.52955837   0.62491509  -0.11990780   0.06800315   0.44218648   0.51419635   0.44881763   0.45832199   0.27358693   0.35920173   0.47126191   0.56681336   0.44812453   0.00000000   0.59772966   0.35863762   0.63487333   0.50265321   0.41085377   0.14192502   0.43442869   0.42060028  -0.07692417   0.30402649   0.41122560   0.40391762   0.27806580   0.52714587   0.62212238   0.62511442   0.74617482   0.59151163   0.17763783   0.26352389   0.39163668  -0.11437179   0.04356281   0.69673868   0.48533342   0.50739157   0.50271347   0.39793765   0.12983298   0.57178436   0.41224214   0.47400897   0.29565539  -0.10299070   0.38040319   0.41845689   0.48887032   0.09046303   0.29580565   0.26311791   0.50550052   0.48776257   0.08868671   0.79217935   0.33933706   0.09472587   0.18533073   0.18819744   0.35125328   0.27022789   0.41412229   0.66532440   0.61286934   0.41090650   0.48851877  -0.04786326   0.03322687   0.56937828   0.59996332   0.45357856   0.49649124   0.45720217   0.50501569   0.11125617   0.30447358   0.41784683   0.48227385   0.34721956   0.47243946   0.24152177   0.46189079   0.27091683   0.28122993   0.47523167   0.00000000   0.43836151   0.21399359   0.66828379   0.41062226   0.53480588   0.35034928   0.21032335   0.47535823   0.28360884   0.37822703   0.33046956   0.34116258   0.36978460   0.58303375   0.49925560   0.45588903   0.66039804   0.49300091   0.04672126   0.18008866   0.18741794   0.17631312   0.12843753   0.75062945   0.44597984   0.45181779   0.43139942   0.40424221  -0.19775976   0.52435807   0.22198147   0.52475011   0.40163516
  0.54851254   0.20612056   0.45527542   0.80268308   0.75495429   0.76085364   0.55457807   0.63048060   0.69711041   0.50923624   0.48691172   1.00000000   0.58015030   0.76045343   0.76823392   0.71195047   0.32528362   0.63727607   0.23776944   0.21147353   0.06596742   0.39379906   0.09275349   0.46203232   0.54307663   0.77754776   0.52036860   0.66545465   0.68759279   0.71112386   0.27082524   0.44959884   0.57710645   0.61953734   0.36291022   0.73914356   0.07299633   0.19094224   0.59203542   0.82652099   0.65593943   0.00000000   0.31778546   0.46488240   0.58629153   0.75148238   0.65740719   0.63186146   0.73069804   0.82460218   0.11458856   0.39740964   0.80283478   0.76710605   0.58613417   0.57094020   0.69972479   0.31859057   0.53251775   0.34293209   0.31056290   0.27979562   0.67318704   0.25890301   0.56502508   0.68793729   0.77119096   0.73546582   0.79744693   0.59021380   0.48287554   0.58890691   0.26569054   0.62819001   0.70789659   0.35707700   0.17791141   0.46904295   0.61192007   0.54386038   0.65304042   0.54514542   0.60945026   0.64978925   0.21290692   0.53590819   0.64680511   0.53643413   0.57106032   0.53047983   0.57747166   0.40611260   0.59635250   0.34516525   0.12666817   0.14291170   0.44132644   0.04186804   0.37707733   0.37490686   0.55007869   0.22589704   0.48080429   0.57813878   0.57830134   0.50456059   0.69771430   0.57709979   0.73394266   0.33512485   0.69130052   0.05561807   0.44720288   0.63232080   0.51685154   0.74609373   0.00000000   0.23339409   0.15364552   0.46822480   0.60839762   0.53418000   0.57906053   0.36344044   0.79633519   0.15124206   0.34257010   0.55217200   0.50341272   0.62671308   0.57706056   0.49165808   0.34295879   0.33914408   0.43891529   0.01071899   0.32070957   0.52169833   0.47007508   0.41218527   0.62998017   0.71897090   0.60321740   0.58558902   0.49937314   0.28893856   0.65323473   0.20594982   0.66666593   0.66769691
  0.76642464   0.39627127   0.45128934   0.61058402   0.68205746   0.66742117   0.50694531   0.36077930   0.40644134   0.44267506   0.15784975   0.58015030   1.00000000   0.54481929   0.59141542   0.54247036   0.33640426   0.42627515   0.01846276  -0.07335969   0.36906295   0.57130456   0.25798775   0.76509590   0.21275321   0.49454671   0.32582942   0.51972810   0.55173914   0.40655880   0.59967152   0.65089095   0.34508800   0.50329625   0.25262114   0.43157031   0.18735343   0.27914484   0.48779552   0.34656437   0.51171872   0.00000000   0.21694017   0.34530003   0.48497653   0.57822364   0.35913417   0.84839033   0.60047203   0.53285304   0.26240631   0.53491028   0.59506259   0.57160757   0.50731257   0.41269720   0.40749276   0.23493393   0.30706713   0.24057748   0.50526936   0.49313191   0.64597871   0.58514831   0.78794094   0.44484962   0.58773717   0.53498735   0.55568831   0.47259877   0.74994703   0.25284063   0.28587114   0.57692215   0.56853811   0.52758105   0.37278858   0.45253991   0.41299266   0.57548688   0.73787562   0.53562117   0.39752909   0.45045735   0.29023074   0.34640397   0.49637267   0.76488325   0.56321083   0.42369684   0.45426182   0.40415047   0.37046896   0.13017584   0.10285806   0.29218462   0.51790028   0.35589053   0.67342663   0.23319109   0.35777653   0.28916459   0.48122121   0.49472299   0.43174327   0.65212776   0.74237999   0.54612686   0.64003600   0.30825172   0.53669031   0.29994015   0.41120966   0.58720748   0.42895967   0.52632153   0.00000000   0.22058185   0.32761969   0.40968198   0.52895086   0.38851116   0.67325480   0.45131858   0.57412275   0.24260941   0.42502219   0.48788907   0.48487380   0.50560372   0.41723712   0.30613542   0.37521687   0.28391885   0.42607723   0.43701505   0.60970916   0.55407130   0.53459743   0.69787711   0.30069515   0.59121906   0.42824579   0.45366420   0.35814249   0.61121416   0.39473335   0.39141038   0.56103010   0.69035949
  0.35723423   0.18672003   0.42911930   0.54739020   0.60963796   0.76402687   0.37045632   0.53155790   0.58695454   0.38810763   0.60081771   0.76045343   0.54481929   1.00000000   0.65476699   0.67045499   0.24089177   0.54850398   0.38459435   0.41091586   0.01743381   0.24963398  -0.01275963   0.33141433   0.58975856   0.66817736   0.38781783   0.58952166   0.61727933   0.56749142   0.06332879   0.31520244   0.45550158   0.79842555   0.65701760   0.59254630   0.03765292   0.25825662   0.72329956   0.79861736   0.52415309   0.00000000   0.45968773   0.61510397   0.42066182   0.59808521   0.49937905   0.48737928   0.64343670   0.59520149  -0.09538171   0.36011897   0.68388886   0.63924268   0.48565887   0.58743566   0.52413997   0.46702202   0.47053635   0.39340796   0.15491733   0.14470020   0.79649800   0.04140461   0.42913051   0.51727229   0.59420381   0.56023661   0.64327887   0.45999398   0.38742405   0.51795495   0.25706221   0.62676128   0.53071662   0.23121237   0.22419306   0.42832502   0.45723672   0.48745435   0.52633457   0.33903519   0.56134741   0.54139409   0.08137968   0.54949056   0.43495145   0.30182452   0.36449312   0.35342428   0.54472195   0.41488940   0.55778173   0.40951327   0.22298853   0.25413235   0.36059261  -0.01464651   0.31708839   0.40224873   0.49735274   0.17023970   0.40537906   0.49269593   0.39877050   0.30924298   0.55528284   0.41116213   0.78088904   0.53736216   0.57573876   0.06473522   0.37589705   0.44906989   0.34599753   0.62417429   0.00000000   0.29770588   0.29848549   0.34490603   0.43559962   0.42307574   0.58096147   0.41495038   0.61767381   0.30626935   0.34115848   0.44636964   0.42645961   0.53518743   0.52895456   0.36324717   0.35947891   0.34622794   0.31448044  -0.03460121   0.21565511   0.41101227   0.45005302   0.37667358   0.50265239   0.52190358   0.46311453   0.43080340   0.42388198   0.08822970   0.56283783   0.09446261   0.63219391   0.50553301
  0.58120406   0.34554992   0.52077652   0.72304595   0.82837529   0.83928896   0.84255898   0.84584006   0.78304768   0.43491953   0.39748143   0.76823392   0.59141542   0.65476699   1.00000000   0.89176572   0.24069121   0.44431066   0.25958243   0.16604073   0.08535224   0.37314246  -0.08506241   0.47326187   0.45847057   0.77957967   0.49929834   0.79340119   0.85606488   0.75015459   0.26276581   0.35401068   0.42599590   0.61792776   0.36125637   0.65930055   0.12817173   0.23462735   0.48875226   0.65376128   0.60947214   0.00000000   0.36335031   0.36460173   0.46818058   0.91230627   0.81642397   0.58001436   0.66634820   0.72691201   0.07438812   0.45208299   0.88258381   0.91132990   0.89737118   0.63078672   0.72002726   0.38290727   0.50156717   0.36067718   0.34501696   0.33969322   0.68977769   0.26395630   0.56349004   0.58370521   0.78565408   0.88082736   0.80668924   0.84195350   0.51967114   0.55838044   0.32500170   0.62788763   0.62608849   0.47463476   0.29796629   0.70806962   0.64303246   0.64024189   0.78096455   0.76220139   0.81538119   0.75629260   0.17105095   0.44359625   0.69343761   0.55436698   0.62797826   0.61104553   0.84603345   0.29695786   0.38669520   0.38459196   0.14979913   0.11481527   0.36090602  -0.01533541   0.35961267   0.46487183   0.64518405   0.34482601   0.72645170   0.81661059   0.69556334   0.43000611   0.56551024   0.43487552   0.67656762   0.24788047   0.70409838   0.07207308   0.47087137   0.61456259   0.68602728   0.69080699   0.00000000   0.28796301   0.03951045   0.32493988   0.85628736   0.68119175   0.53810440   0.37512234   0.75965082   0.09471726   0.35568826   0.74254072   0.70992349   0.84745648   0.65220870   0.63762579   0.39721208   0.37241293   0.46287596   0.06989244   0.26095469   0.58463980   0.30369778   0.38389464   0.53566759   0.80840568   0.80878932   0.70558459   0.76809685   0.37130804   0.77605642   0.24403357   0.68840014   0.63552328
  0.53725871   0.36496927   0.58657999   0.57810877   0.73222444   0.84980868   0.77168128   0.80835668   0.72148008   0.29653659   0.46217252   0.71195047   0.54247036   0.67045499   0.89176572   1.00000000   0.07497580   0.32388077   0.23512186   0.27268557   0.03939252   0.35212273  -0.13425962   0.43871471   0.39062472   0.72380703   0.49701508   0.77239859   0.85820619   0.70860963   0.29122168   0.32503210   0.30802478   0.62372482   0.38513303   0.55896753   0.08560646   0.23362464   0.40721000   0.70827052   0.47890368   0.00000000   0.40183357   0.52453300   0.43293702   0.84087314   0.80437249   0.48384034   0.59534602   0.60985594   0.09327798   0.46556129   0.74755211   0.81038844   0.82972499   0.59958906   0.63943936   0.39881446   0.49473311   0.35475016   0.33142271   0.26914234   0.65311625   0.27907928   0.51610252   0.48567466   0.68744647   0.79691378   0.70323950   0.81489715   0.57413990   0.55930837   0.36390869   0.59006043   0.54213790   0.39523415   0.33831100   0.76449049   0.60646751   0.53586668   0.75786965   0.74670729   0.83985859   0.70318130  -0.00214176   0.46904584   0.62622075   0.53774943   0.58608753   0.52082320   0.85967953   0.22375950   0.34635264   0.46262538   0.23493897   0.09895583   0.31095667  -0.03790792   0.35826222   0.50085188   0.67414651   0.37761545   0.77542216   0.84793287   0.66781449   0.45639250   0.58458642   0.32716639   0.65611220   0.24426430   0.60018995   0.13322867   0.48562482   0.58306027   0.62122764   0.60721234   0.00000000   0.30291005   0.16696791   0.28544753   0.84455917   0.73240112   0.56605252   0.34143959   0.75034316   0.15637285   0.32880834   0.67598169   0.62033128   0.83571683   0.66474231   0.63389033   0.46835022   0.41596672   0.50987924   0.09458841   0.21835245   0.58204655   0.32613678   0.34808441   0.52053446   0.71059404   0.81253213   0.64498067   0.77423787   0.29908584   0.78608938   0.25962102   0.67295720   0.53604494
  0.25883572   0.21955135   0.16823582   0.59159878   0.36799064   0.32455655   0.13458779   0.02683580   0.35188931   0.54365852   0.18769869   0.32528362   0.33640426   0.24089177   0.24069121   0.07497580   1.00000000   0.79355740   0.23829104   0.01534858   0.53663243   0.30892568   0.47467495   0.24162440   0.46898338   0.40215024   0.14383015   0.23463970   0.18208023   0.35941579   0.08696992   0.56442984   0.71851071   0.26958995   0.36782457   0.56983865   0.29490404   0.37563152   0.50462771   0.13179151   0.63662694   0.00000000   0.15471541  -0.24857786   0.27051754   0.32696383   0.08699955   0.49534793   0.60362256   0.54165196  -0.01297170   0.19995345   0.39776935   0.28593969   0.17050263   0.34278925   0.23456742   0.18991144   0.17145041   0.17413219   0.23219328   0.40056980   0.24693330   0.14806567   0.25061916   0.39475507   0.44229234   0.26820758   0.36979439   0.08147055   0.14154152   0.35270000   0.11274064   0.47263401   0.47301446   0.00024726   0.21084927   0.14822049   0.33735277   0.22661496   0.26157166   0.12757854   0.10077453   0.33387138   0.67826126   0.12207614   0.24478349   0.11817332   0.11289744   0.14853939  -0.03267372   0.67519279   0.40584259   0.06977884   0.10414319   0.50160955   0.45317394   0.35972512   0.16006931   0.14677983   0.13792891   0.08688964   0.12687947   0.12965798   0.21866105   0.09180235   0.19487591   0.66239834   0.37602404   0.52549522   0.42088498   0.18720035   0.12353158   0.18498624   0.10259450   0.59003800   0.00000000   0.17516549   0.15930156   0.24120097   0.19867162   0.15399672   0.33506853   0.58369604   0.21879524   0.34794660   0.36111436   0.10440105   0.20034159   0.10593787   0.13516960   0.03477107   0.10914682   0.15272229   0.06039480   0.21355912   0.30614945   0.01514779   0.18262271   0.33047388   0.30911923   0.42721755   0.08670348   0.14174031  -0.00542053   0.06184946   0.15328070   0.12990979   0.35650971   0.53064588
  0.32078562   0.20655083   0.26095839   0.72636057   0.53767240   0.52987067   0.27920870   0.25772059   0.53071450   0.59791147   0.39756605   0.63727607   0.42627515   0.54850398   0.44431066   0.32388077   0.79355740   1.00000000   0.35962965   0.16009825   0.31790285   0.32773186   0.27387981   0.28233471   0.57514820   0.57254035   0.29793190   0.38814013   0.36125644   0.53436404   0.05951608   0.52074141   0.73079353   0.47363873   0.42207834   0.69453626   0.17624642   0.27085689   0.66782056   0.47770137   0.67434280   0.00000000   0.26290323   0.06750330   0.41986981   0.48906348   0.29965029   0.59753923   0.68749655   0.74666094  -0.00339117   0.28554498   0.58252881   0.52178301   0.34620441   0.47250500   0.41199040   0.32260189   0.33844698   0.27021128   0.25608771   0.33144892   0.47053328   0.10069826   0.33704737   0.59041840   0.60556555   0.43211426   0.54171898   0.26182186   0.20874666   0.53044056   0.16375707   0.55584810   0.59330894   0.07925242   0.15641108   0.23715665   0.45693035   0.35411706   0.43043316   0.24508724   0.29943300   0.50864703   0.57947125   0.35294742   0.42570417   0.19443569   0.23060712   0.28409385   0.21570137   0.71800625   0.60063271   0.20264295   0.13324862   0.36726998   0.46919695   0.15905976   0.17100033   0.28284308   0.30109063   0.09786430   0.21771532   0.28631999   0.37432437   0.20506361   0.39253834   0.72900617   0.58019020   0.51560597   0.57547897   0.07878023   0.25322665   0.34033387   0.25553613   0.75635136   0.00000000   0.22579304   0.11420353   0.35488401   0.34237262   0.26880474   0.44146373   0.60495788   0.49494337   0.27344707   0.33353759   0.24140001   0.34728128   0.31552639   0.31669423   0.18827363   0.14084503   0.22210375   0.16105004   0.02797195   0.28027937   0.16734896   0.29816557   0.34941327   0.50457770   0.58564387   0.24736426   0.31348918   0.21654974   0.09542764   0.39506851   0.11606352   0.54601164   0.61918705
 -0.11108685   0.46277183   0.30579379   0.27854087   0.10637093   0.27472925   0.15484377   0.34409807   0.36458467   0.32616757   0.64301919   0.23776944   0.01846276   0.38459435   0.25958243   0.23512186   0.23829104   0.35962965   1.00000000   0.68772628   0.28888655   0.21661628   0.05319528  -0.21273849   0.58877989   0.39808673   0.33683005   0.28236003   0.31777485   0.41685282  -0.13399363  -0.00844945   0.27057354   0.41305118   0.42960474   0.36897800   0.38863337   0.42301086   0.35538694   0.30206525   0.30985972   0.00000000   0.73945557   0.14956878   0.32427134   0.34520786   0.28055384   0.04641842   0.32355762   0.26329032  -0.07867804   0.32996690   0.25936155   0.19055039   0.21498677   0.42314218   0.33259166   0.79755340   0.56637100   0.55100604   0.11322843   0.25032835   0.24941919  -0.21619050  -0.13037862   0.43661361   0.33693223   0.28785420   0.28848556   0.21648033   0.00633977   0.39494528   0.38289745   0.39472026   0.14968108  -0.24850694   0.45878759   0.32894893   0.15775960  -0.01772946   0.13749543   0.05032314   0.33958626   0.33147588   0.22979964   0.41020814   0.14164078  -0.10750989  -0.03934450   0.10655955   0.22805810   0.24605774   0.26969387   0.60666805   0.49478630   0.42113551   0.28333952  -0.05475574  -0.14972105   0.40340915   0.29670587   0.27752075   0.22563479   0.25611915   0.30087912  -0.09175510   0.04971028   0.26763671   0.34171071   0.37899365   0.29388311   0.24982795   0.36505276   0.01104599   0.14246250   0.24125572   0.00000000   0.64089759   0.16331531   0.27888372   0.21805698   0.26632898   0.15979726   0.28431307   0.18856963   0.35986108   0.39316591   0.19329043   0.14210290   0.24650232   0.29366671   0.24229228   0.28720293   0.41306511   0.33587744   0.02513490   0.02966630  -0.05013197  -0.00814343   0.05446131   0.40918229   0.34102574   0.21512990   0.24121593   0.25158554  -0.18810413   0.28726889   0.14764408   0.35445104   0.26280676
 -0.27064830   0.26489824   0.25883583   0.06832617  -0.05738186   0.28158787   0.05819598   0.24494964   0.25071743   0.02141527   0.76611587   0.21147353  -0.07335969   0.41091586   0.16604073   0.27268557   0.01534858   0.16009825   0.68772628   1.00000000   0.07073419   0.11368551  -0.04099056  -0.30104642   0.55002605   0.40272143   0.42029539   0.28972469   0.31373207   0.40281833  -0.29370228  -0.11077298   0.20621868   0.34779346   0.39821121   0.19890502   0.16307577   0.24927371   0.13811056   0.32862774   0.24849998   0.00000000   0.59830698   0.28089188   0.22929322   0.23560401   0.27471412  -0.09059682   0.23483134   0.12615446  -0.09327172   0.22621501   0.15282617   0.14314437   0.07709312   0.35277673   0.31414280   0.56076775   0.56262525   0.44164910  -0.01263883   0.01959615   0.18303382  -0.24909700  -0.25202015   0.30644509   0.21264504   0.23593927   0.28052913   0.16243474  -0.03963764   0.38653758   0.28340591   0.20682013   0.06495807  -0.43882669   0.36285200   0.33598432   0.32708337  -0.19631193   0.16070881   0.10010433   0.37649147   0.24074570  -0.19085309   0.57950706   0.00882903  -0.12415539  -0.12231874  -0.03060186   0.20528818   0.10851914   0.16287343   0.81689025   0.71607492   0.25295442   0.21818948  -0.12326137  -0.26317214   0.46547600   0.42191381   0.31981559   0.34356653   0.29823445   0.32889318  -0.14723639   0.02564547   0.14376724   0.16109745   0.36517154   0.14456903   0.09634719   0.27388372   0.01308023   0.07004256   0.21795081   0.00000000   0.59030453   0.18639537   0.32379012   0.22361209   0.37236377   0.13531900   0.13781461   0.31576206   0.23161121   0.30577302   0.13267328   0.12340040   0.15459996   0.38022470   0.26898019   0.48175081   0.52228326   0.38579657  -0.09671887  -0.06409247  -0.06766963  -0.12117045  -0.09809848   0.47063663   0.21375622   0.27163643   0.25970822   0.23377357  -0.42848840   0.31684778   0.05611153   0.26069987   0.10483241
