  1.00000000  -0.04431671   0.19895278   0.23995643   0.44924687  -0.43336410  -0.01861107   0.09553536   0.02459431   0.07903689  -0.12128941   0.08714330   0.84332538   0.57364906   0.49673665   0.30338187   0.19137888  -0.04419351  -0.25364188  -0.22773573   0.01076649  -0.25702264   0.02527612   0.84285255   0.14366298   0.12343930   0.10416964   0.39452870   0.37977473   0.11912874   0.63230120  -0.29673253   0.30631782   0.31447811   0.14046960   0.17732044   0.11921874   0.13181797   0.85304542   0.43084269   0.24655933   0.00000000  -0.32432970  -0.20324769  -0.24137590   0.32744030   0.08686637   0.11977269  -0.03828527   0.14669581  -0.28802534  -0.07027455   0.49096209   0.25669038   0.27121377   0.17019129   0.01192038  -0.23983740  -0.05960175   0.19093474   0.15488513   0.00934949   0.81242821  -0.11643804   0.70552782  -0.01623301  -0.13510417   0.25889053   0.13667706   0.22477693  -0.57459367   0.06462797   0.10066176   0.31563780   0.28926951   0.87789252   0.06610776   0.19681528   0.42901697   0.69078969  -0.39182722   0.04531358   0.25252702  -0.01560491   0.04322864  -0.19789114   0.25134364   0.51324657   0.44179831   0.51764790   0.50819095   0.10711030   0.10883636  -0.05862468  -0.13083189  -0.01328185  -0.22121744  -0.02614640   0.85206355   0.04487662   0.24100622   0.31672573   0.59483449   0.53041607   0.06027478   0.68306686  -0.47549105   0.27943741   0.37280198   0.10936942   0.23310305   0.16989880   0.24914262   0.61963345   0.20891876   0.21582488   0.00000000  -0.36674013  -0.26486518  -0.26649927   0.38688305   0.28916025   0.20294528  -0.06322832   0.21888468  -0.20638480  -0.16919617   0.24958779   0.45932443   0.35306587  -0.21254659   0.16447066  -0.22722134   0.04505455   0.29241895   0.07517388  -0.00365403   0.72876181  -0.39751387   0.65619135  -0.00409966  -0.10336479   0.40519836   0.23166446   0.45875914  -0.51859971  -0.07931174   0.26607527   0.16747574   0.22431143
 -0.04431671   1.00000000   0.59715780   0.12100425   0.41017499   0.51586431   0.55373292   0.47650700   0.58018702   0.54693377   0.66556214   0.38756576  -0.02221541   0.04846160   0.51289788   0.45389157  -0.05127084   0.10334654   0.79483727   0.71248675   0.85201627   0.76246345   0.37250886   0.09319653   0.54240838   0.55802887   0.65115534   0.08606772   0.10423318   0.75541638   0.04779128   0.32117373   0.08587828   0.21740088  -0.01572218   0.29886153   0.63449524   0.55438675  -0.12477530   0.05619116   0.10795777   0.00000000   0.75973776   0.35065127   0.65468245   0.02741202   0.60515039   0.23402880  -0.01351665   0.22411834   0.34705166   0.86503457   0.22875488   0.64259374   0.59791386   0.48947921   0.66720502   0.82713560   0.60649529   0.53719045   0.51968147   0.57025467  -0.09570309   0.27493719   0.11572530   0.61713640   0.72904087   0.33572154   0.34905282   0.31921221   0.42246368   0.55765931   0.61918166   0.27576923   0.18541617  -0.11657307   0.90445055   0.43786014   0.02823666   0.12414611   0.52302818   0.49552929   0.42132335   0.73313181   0.55325689   0.63643305   0.40706548   0.28108255   0.30103397   0.51677782   0.35172506  -0.03188290   0.13743972   0.75213535   0.74242188   0.83849666   0.68898743   0.42165007  -0.03518319   0.66044964   0.34846959   0.57511609  -0.04881050   0.03199489   0.80542197   0.10132406   0.42112922   0.23302175   0.25860661   0.14464757   0.16513995   0.71467893   0.46062430  -0.00198848   0.28917391   0.16890459   0.00000000   0.72780389   0.39599723   0.66212283   0.01967287   0.45230770   0.37839648   0.12124439   0.23841469   0.35746953   0.74923377   0.51855223   0.46638182   0.39118645   0.61113352   0.57986363   0.76511666   0.62379511   0.50937397   0.61922147   0.50180422   0.06529955   0.36898948   0.08143485   0.69472275   0.74102519   0.29916471   0.38518073   0.18385294   0.40606012   0.73478905   0.54538044   0.51315949   0.40074453
  0.19895278   0.59715780   1.00000000   0.50466578   0.35628474   0.29671492   0.60994802   0.62261469   0.43039132   0.51801101   0.35472083   0.36716904   0.12715424   0.26107510   0.56617232   0.57658491   0.33713721   0.32786754   0.35085528   0.25885161   0.64667495   0.33091457   0.44583968   0.26304159   0.55057251   0.55598274   0.65907087   0.48606528   0.47306289   0.72578000   0.17703627   0.23231659   0.55524698   0.50514571   0.33024962   0.55248027   0.57444896   0.47995777   0.16973266   0.23618490   0.48191366   0.00000000   0.22963782   0.18864539   0.29171328   0.41830774   0.69516146   0.32948430   0.25136116   0.39129048   0.13407408   0.49176768   0.41446784   0.53920012   0.61788768   0.47777606   0.54403595   0.28676195   0.30896870   0.50662428   0.42709881   0.43427581   0.10146990   0.28897269   0.27641363   0.49091204   0.47452125   0.50960932   0.45818490   0.55534404   0.22495974   0.52571530   0.53193528   0.46817815   0.44883440   0.16036311   0.52076012   0.88481402   0.39800219   0.38269128   0.34956909   0.62454748   0.73149921   0.56307897   0.53841111   0.27227195   0.39514301   0.42383839   0.33363687   0.58376537   0.57722099   0.25152119   0.30951345   0.33101082   0.29375599   0.55232487   0.29961625   0.38090681   0.23874676   0.50426936   0.44995585   0.67464532   0.40806795   0.43579852   0.70353449   0.14429745   0.14251638   0.41392258   0.45355561   0.22067139   0.44250584   0.68911114   0.50652966   0.32739845   0.09622075   0.42958314   0.00000000   0.19666577   0.18870815   0.28948593   0.44489301   0.79279548   0.38532192   0.25410898   0.32934219   0.21321769   0.24087046   0.42822264   0.52209200   0.40633879   0.25901929   0.49520021   0.22901589   0.36605767   0.45086472   0.36547847   0.40114899   0.26489452   0.15099046   0.33170076   0.50383753   0.56940279   0.49954906   0.42486254   0.53184699   0.18016187   0.57652794   0.51918457   0.58857372   0.51898596
  0.23995643   0.12100425   0.50466578   1.00000000   0.17118939   0.32945775   0.61691308   0.52505440   0.14380829   0.22617332   0.05937093   0.57569920   0.30834434   0.53928979   0.40734282   0.63746198   0.49093850   0.39484477  -0.06749819  -0.11399117   0.33557795  -0.03356030   0.43254010   0.40403371   0.14129468   0.47193895   0.32626753   0.82195753   0.73246377   0.27721496   0.24267634   0.10815773   0.76958763   0.72346776   0.44205072   0.67495536   0.43236637   0.31873788   0.38679841   0.49200826   0.82092881   0.00000000  -0.18023076   0.28293768   0.01256344   0.78738984   0.41696965   0.50138835   0.43562804   0.77813249   0.39496533   0.07567147   0.50484116   0.47535040   0.41410517   0.18349932   0.23139843  -0.12841537   0.05125985   0.49370625   0.47243033   0.28277325   0.33077906   0.33589783   0.53471492   0.17086128   0.23254490   0.60445013   0.51471033   0.59515462   0.22354016   0.23438581   0.41257518   0.46348635   0.71168399   0.10550300   0.09062174   0.58348727   0.83194420   0.41483174   0.35629202   0.64171608   0.67610140   0.12099414   0.20618831  -0.03738695   0.51398270   0.38557412   0.30898792   0.25147134   0.42128282   0.50592912   0.56798936  -0.18180599  -0.14433891   0.23269040  -0.01832222   0.52221341   0.24932093   0.00151029   0.55737577   0.51953494   0.64636877   0.58564940   0.29760770   0.17075285   0.18947899   0.70556302   0.55040323   0.51148388   0.64000304   0.35237560   0.26423847   0.46702748   0.07110264   0.71558243   0.00000000  -0.23876368   0.31365685   0.00891040   0.72931847   0.60826199   0.43186238   0.42857463   0.64226800   0.33353237  -0.12762255   0.11247516   0.45778633   0.22163364  -0.07514190   0.29001818  -0.21686652   0.03709111   0.38716503   0.25202170   0.29138959   0.39142565   0.22944692   0.38710380   0.17866234   0.31981269   0.60722983   0.36941032   0.62681747   0.23582526   0.14758666   0.25105280   0.26569901   0.60531347
  0.44924687   0.41017499   0.35628474   0.17118939   1.00000000   0.29590880   0.27702111   0.32795417   0.58046790   0.50842707   0.48932995   0.33141917   0.35556862   0.46378935   0.53356307   0.49102660   0.10848572   0.11405181   0.34061418   0.45297787   0.43274068   0.38374150   0.20385603   0.40166910   0.46554496   0.28080839   0.28479635   0.10462548   0.23851816   0.57287715   0.43397452   0.14865649   0.13762404   0.29229967   0.00314754   0.19527752   0.21822765   0.37791711   0.34802238   0.32330645   0.20913287   0.00000000   0.31018048   0.13652760   0.37344634   0.20081899   0.43793470   0.25803054  -0.07500236   0.27711799  -0.02532931   0.45492855   0.46290191   0.56923035   0.57422595   0.49803640   0.22572273   0.32580723   0.32204301   0.22446200   0.23599248   0.48016802   0.33524990   0.17720194   0.33025237   0.48183249   0.46327570   0.11169147   0.29557729   0.29423702   0.17834600   0.56595990   0.30851241   0.42867981   0.20924379   0.34373180   0.41883669   0.22288729   0.15472099   0.47143347   0.27168330   0.24841099   0.36805993   0.58291246   0.46508212   0.43476680   0.22814031   0.40820590   0.48600075   0.41180542   0.34805900  -0.03155101   0.01801587   0.40318678   0.44727576   0.37283965   0.36041338   0.21743081   0.32646714   0.36425637   0.13397305   0.31485433   0.24230222   0.25755565   0.45641611   0.43065707   0.07562604   0.21678072   0.34883874   0.13567320   0.14646987   0.25570293   0.31145191   0.30098385   0.12341098   0.08270988   0.00000000   0.29646130   0.22232775   0.34132816   0.16308052   0.46301068   0.12322720  -0.02617828   0.11933633   0.04575483   0.34292153   0.38494031   0.36684980   0.22091088   0.17266643   0.18053788   0.32918771   0.35326279   0.22977579   0.21143661   0.33346363   0.38056871   0.02157876   0.24531285   0.42523835   0.43604125   0.18654180   0.17739776   0.23531306   0.12714299   0.52045370   0.16639757   0.41833854   0.34466514
 -0.43336410   0.51586431   0.29671492   0.32945775   0.29590880   1.00000000   0.60725968   0.46632285   0.62790944   0.55966167   0.61294022   0.67844373  -0.23452036   0.20456300   0.26746182   0.49852108   0.17926728   0.43146205   0.56214641   0.58369093   0.63304376   0.66346181   0.47606747  -0.18013149   0.37371817   0.53059835   0.29206154   0.04285074   0.09904749   0.55741150  -0.07100776   0.46316592   0.12294280   0.29055416   0.06527164   0.33152889   0.37944076   0.43509115  -0.22662708   0.30119100   0.30411038   0.00000000   0.55700567   0.62614368   0.66250011   0.15938615   0.51912563   0.55585215   0.18323974   0.54997889   0.56682551   0.56545490   0.22975710   0.59041992   0.47973404   0.48406801   0.34379715   0.55163285   0.44726153   0.31919678   0.30753115   0.62058473  -0.20261931   0.48989360  -0.02668582   0.59769060   0.79304144   0.13331067   0.40680660   0.23701015   0.87423857   0.56686724   0.43761382   0.32561300   0.15511575  -0.49412566   0.43377391   0.22805749   0.11912695   0.02312447   0.92929055   0.51605466   0.33739999   0.62212979   0.57996169   0.62737017   0.30484759   0.21119184   0.29396916   0.05847229   0.07412092   0.09927878   0.26823346   0.37308921   0.49104749   0.56631933   0.64548653   0.50047307  -0.37963857   0.32934121   0.27249269   0.23115404  -0.15799222  -0.05068799   0.56807331  -0.14711366   0.69639602   0.28433246   0.22276497   0.29039798   0.26457252   0.30152863   0.19729262   0.07419326   0.13046979   0.29273674   0.00000000   0.55988722   0.68875821   0.68013649   0.05037351   0.35631647   0.24065223   0.29240327   0.37707773   0.52092730   0.52107590   0.20566328   0.23962072   0.00422211   0.52697350   0.18176804   0.48206836   0.36700550   0.20625857   0.29838563   0.55510788  -0.08380481   0.64009741  -0.12576260   0.59663116   0.76896034   0.02689701   0.21921453  -0.00439333   0.78849262   0.63576996   0.05878376   0.37526541   0.41176417
 -0.01861107   0.55373292   0.60994802   0.61691308   0.27702111   0.60725968   1.00000000   0.73002421   0.37524584   0.44106096   0.49630940   0.65609989   0.00380988   0.30407754   0.60400866   0.72063508   0.39954864   0.52320397   0.42974100   0.38121110   0.67840610   0.51364642   0.51867439   0.11188974   0.32888146   0.71620544   0.61870062   0.48289247   0.52092913   0.55873818  -0.08143266   0.36592757   0.47740779   0.42719354   0.33781366   0.54585271   0.57490049   0.37972783   0.01536651   0.33679472   0.46396667   0.00000000   0.38174463   0.46293159   0.55254960   0.42745481   0.77505130   0.49137244   0.29611732   0.68869742   0.47148648   0.54451682   0.48702204   0.81853986   0.60358530   0.33569046   0.53961697   0.41821649   0.42157099   0.56068309   0.47293379   0.49214796   0.08975821   0.32202642   0.30807247   0.52801253   0.60830057   0.65204592   0.63783752   0.75144868   0.39355851   0.39072298   0.55561538   0.27586030   0.43246890  -0.10670032   0.48810034   0.57559965   0.40667257   0.31502991   0.64225052   0.90339593   0.74635442   0.48115490   0.50383192   0.46128805   0.68020825   0.34875988   0.35827747   0.50411137   0.38391224   0.17325971   0.39768938   0.32554795   0.38996888   0.62359453   0.49174426   0.55474205  -0.04197245   0.33931887   0.63173978   0.63778681   0.21148873   0.39260971   0.69746957  -0.05955745   0.41782302   0.43612319   0.29084040   0.24330005   0.40970379   0.53726986   0.23941139   0.23472802   0.31185997   0.50835283   0.00000000   0.37579538   0.40358668   0.53757787   0.35005772   0.71191786   0.40005985   0.20495825   0.64288799   0.36026271   0.38730303   0.48057215   0.65563533   0.28395371   0.50894000   0.57189091   0.34178063   0.40370241   0.46344996   0.48374709   0.50265272   0.24999775   0.43066687   0.26928127   0.55736620   0.74321216   0.57796410   0.66363232   0.48409295   0.35331884   0.55717167   0.40711037   0.31265004   0.51618252
  0.09553536   0.47650700   0.62261469   0.52505440   0.32795417   0.46632285   0.73002421   1.00000000   0.46593374   0.48238647   0.51935915   0.48328029   0.13009676   0.36478901   0.55946262   0.78435864   0.35683813   0.45295624   0.30246662   0.35219991   0.67747237   0.39928076   0.41052062   0.20718922   0.34659093   0.52679997   0.53587591   0.62738935   0.71630754   0.52649236   0.06107919   0.24941573   0.34341319   0.47688518   0.28712691   0.40575326   0.56959850   0.44143415   0.15232813   0.40087473   0.37622101   0.00000000   0.15240554   0.45307483   0.39078296   0.69042420   0.76980769   0.42889697   0.21506828   0.53260223   0.42097233   0.44235035   0.48778736   0.62510235   0.60632165   0.48853518   0.37864432   0.23950376   0.43680382   0.50489048   0.40375185   0.48159073   0.11589081   0.17879215   0.35844674   0.37864026   0.57056398   0.52528353   0.51448294   0.70884410   0.29562853   0.48366713   0.49599800   0.47116893   0.31503441   0.02222711   0.44558305   0.62584412   0.42079596   0.39483844   0.48527368   0.68082879   0.83522427   0.46894783   0.47359401   0.41095076   0.35651314   0.40804715   0.32054728   0.44841499   0.50842579  -0.04417850   0.09551415   0.16506577   0.34058219   0.54024236   0.38357793   0.38348463   0.09293526   0.26136452   0.30519169   0.56385702   0.43989321   0.62142855   0.53959014  -0.02668182   0.21655207   0.32775043   0.33040794   0.14249934   0.31777041   0.55020681   0.29760598   0.35863488   0.08256653   0.26903932   0.00000000   0.17178440   0.33794768   0.36969102   0.64644417   0.77597551   0.17802384   0.03903407   0.43961934   0.28452071   0.29212575   0.32160320   0.55384533   0.34080917   0.30590030   0.40236417   0.20327138   0.36783802   0.36971793   0.23800195   0.47973123   0.22749381   0.16867741   0.31309084   0.39519965   0.60275399   0.53955836   0.48915848   0.61457379   0.19192283   0.49190741   0.34378079   0.36615297   0.42630337
  0.02459431   0.58018702   0.43039132   0.14380829   0.58046790   0.62790944   0.37524584   0.46593374   1.00000000   0.83655675   0.64304668   0.43802783   0.11774180   0.33605134   0.42156765   0.55796162   0.16654294   0.31196553   0.47327180   0.50999651   0.63393244   0.59685016   0.51277152   0.15846649   0.70336269   0.45432048   0.35278746   0.05569691   0.07972485   0.81767393   0.30603961   0.33758553   0.13883183   0.45195920   0.14951565   0.36353895   0.41067492   0.72810204   0.11060905   0.31534829   0.26071946   0.00000000   0.46086299   0.55724872   0.63234496   0.11262577   0.58147315   0.55573112   0.11331253   0.23886901   0.40040575   0.60022464   0.33146309   0.51426213   0.63257749   0.77682281   0.35373984   0.52074675   0.44918389   0.35053961   0.21899533   0.65740611   0.00649539   0.33286636   0.12481270   0.78597647   0.85842342   0.05733305   0.35430589   0.16314177   0.58135972   0.92112464   0.56480564   0.71471974   0.23494931  -0.10718874   0.57837488   0.30315277   0.17706234   0.16831295   0.60169433   0.31763769   0.39484494   0.90676609   0.79185219   0.58148013   0.18710332   0.47144078   0.45266719   0.26938636   0.28409883   0.01412391   0.10192884   0.51048992   0.49823317   0.60649774   0.59439337   0.46824081   0.01002449   0.52698716   0.18174492   0.34055830   0.04509707   0.06138592   0.68174804   0.28080720   0.41464978   0.34915807   0.47302850   0.30348679   0.30430455   0.46885591   0.54989781   0.29990815   0.11008843   0.19473984   0.00000000   0.49917806   0.61342376   0.62186869   0.12536769   0.46605008   0.23502721   0.23250727   0.17627155   0.50273452   0.54681121   0.36115969   0.18919998   0.19047458   0.33048943   0.20108666   0.49094439   0.42525838   0.31217739   0.32073327   0.58343862   0.06126916   0.38397039   0.06230054   0.70901260   0.75684559   0.10207765   0.21675807   0.12819670   0.52367014   0.79258295   0.33671517   0.73718987   0.54265756
  0.07903689   0.54693377   0.51801101   0.22617332   0.50842707   0.55966167   0.44106096   0.48238647   0.83655675   1.00000000   0.65457282   0.48913150   0.14283892   0.34235794   0.44354896   0.52548722   0.43124552   0.50758101   0.42843659   0.49380216   0.69579337   0.59110649   0.68026549   0.18271024   0.63976137   0.44307840   0.41510562   0.14533134   0.13591680   0.81661391   0.27621751   0.38428254   0.29812119   0.54159775   0.39932298   0.31642737   0.47321560   0.62475353   0.15715525   0.32571400   0.27443278   0.00000000   0.38125894   0.52861197   0.62362712   0.14502276   0.53735186   0.60479347   0.33480363   0.31072557   0.39269689   0.59312594   0.36652891   0.51069903   0.62445520   0.66484352   0.37557317   0.43180421   0.43430238   0.37981077   0.25486268   0.68719738   0.08023356   0.32715426   0.17127464   0.73699773   0.85625414   0.11108563   0.35306749   0.19318238   0.49319723   0.79645765   0.56725864   0.67447361   0.26207996  -0.04165816   0.58394121   0.40893404   0.23117880   0.23201918   0.55228847   0.40903820   0.45187523   0.78687965   0.93365380   0.57468129   0.26159534   0.53931864   0.49475168   0.32509319   0.30259771   0.15574885   0.27083764   0.45163590   0.50208948   0.69369040   0.61032024   0.61837963   0.07969142   0.43928550   0.28189219   0.43746870   0.13802060   0.16138209   0.71422185   0.23975836   0.43135690   0.39322806   0.52080767   0.34748397   0.39910403   0.56705624   0.53706541   0.37342671   0.15454112   0.28347341   0.00000000   0.42185753   0.61218330   0.62720080   0.20606352   0.53609201   0.24433004   0.29889430   0.26233143   0.49349107   0.49085111   0.37206596   0.26406933   0.17518473   0.28421222   0.25409357   0.40012925   0.46574549   0.34438721   0.32697768   0.72417391   0.12483668   0.38750743   0.12676770   0.70086453   0.79160543   0.19615204   0.25244501   0.25417784   0.42815301   0.68180843   0.35894391   0.68465086   0.58675529
 -0.12128941   0.66556214   0.35472083   0.05937093   0.48932995   0.61294022   0.49630940   0.51935915   0.64304668   0.65457282   1.00000000   0.44895344  -0.06673553   0.19232151   0.38299080   0.45161977   0.03959097   0.20419393   0.69770295   0.89954834   0.72579795   0.86509578   0.39034456  -0.01608518   0.37319297   0.43773831   0.44168040  -0.03012251   0.07192863   0.66256611   0.01082355   0.25694372  -0.01103928   0.20856088  -0.01346912   0.16598222   0.36371699   0.40937468  -0.06940190   0.20680429   0.03631926   0.00000000   0.59752513   0.42613794   0.88122273   0.04958880   0.62957480   0.30376727  -0.08770879   0.24243675   0.27479052   0.75852914   0.20979069   0.59756327   0.48990333   0.50243587   0.41290846   0.70072385   0.82565421   0.46809332   0.25906131   0.82479819  -0.09893634   0.18055320   0.08783626   0.74900072   0.72316543   0.10803663   0.30234578   0.26223086   0.48792188   0.55747779   0.43839795   0.30148635   0.04919324  -0.19367083   0.69990518   0.24767296  -0.03992090   0.12522972   0.58556544   0.42784344   0.39687188   0.69377898   0.67391032   0.92711016   0.28112393   0.36197855   0.31054974   0.27380763   0.17603081  -0.08710875   0.08198697   0.67516661   0.87050348   0.77215627   0.91322746   0.36429055  -0.11810421   0.42336451   0.20590578   0.38953139  -0.08726967   0.03860132   0.65343416   0.01124480   0.36020487   0.15959215   0.22979508   0.13205195   0.13066296   0.47677588   0.29043736   0.10925145   0.18378624   0.03435696   0.00000000   0.63461549   0.47716524   0.88178402   0.01877235   0.45850021   0.22666147   0.00914201   0.17639273   0.30286628   0.75298399   0.38453614   0.31951262   0.13894022   0.55096154   0.33571070   0.70899130   0.76799776   0.34454880   0.42342481   0.77509913   0.04422489   0.39555759   0.01639903   0.78701116   0.70066215   0.13023940   0.23981752   0.10980590   0.46644375   0.64841437   0.24835119   0.39270600   0.38034632
  0.08714330   0.38756576   0.36716904   0.57569920   0.33141917   0.67844373   0.65609989   0.48328029   0.43802783   0.48913150   0.44895344   1.00000000   0.25148477   0.67525397   0.64174921   0.69129396   0.35631858   0.48728112   0.34414193   0.34472683   0.58466950   0.48067583   0.50906106   0.27350345   0.44172184   0.78074661   0.38289781   0.34179335   0.41175149   0.48223773   0.14454502   0.15656436   0.38035846   0.45027380   0.23173380   0.46179484   0.52046185   0.46912140   0.25163524   0.71684297   0.51576181   0.00000000   0.32838368   0.56038226   0.47158820   0.37634740   0.51417025   0.70071008   0.24370726   0.79121309   0.46717240   0.42487732   0.62900837   0.70157895   0.60441162   0.55595609   0.42212329   0.31930691   0.26257438   0.39393052   0.43766669   0.51510253   0.34705437   0.27249728   0.37152999   0.45451170   0.62296739   0.44642341   0.70266532   0.48425427   0.42857561   0.45432883   0.52958539   0.46364840   0.32623271  -0.02800210   0.35909886   0.40951350   0.38794504   0.38576562   0.61053884   0.55554470   0.44948492   0.40380557   0.50655209   0.41743409   0.62211539   0.49566196   0.55537585   0.37912799   0.32895717   0.28309619   0.52095300   0.22479695   0.30055902   0.44903399   0.43729574   0.43979440   0.03818325   0.32028448   0.52651186   0.35686744   0.13479381   0.29963315   0.49049915   0.16386263   0.48861837   0.45658855   0.28668766   0.30052992   0.44802949   0.37582631   0.20116340   0.47006317   0.43650118   0.59584968   0.00000000   0.31965531   0.46423373   0.45710402   0.26930080   0.44590275   0.43102550   0.27690375   0.64517042   0.33547081   0.32481518   0.36634334   0.54175036   0.19446074   0.44888652   0.29419770   0.21349398   0.24910785   0.28743941   0.26737923   0.44206391   0.32473818   0.29910921   0.21261154   0.45478324   0.61831059   0.28625625   0.44670506   0.27085161   0.43292802   0.44322027   0.20800829   0.32838323   0.50755236
  0.84332538  -0.02221541   0.12715424   0.30834434   0.35556862  -0.23452036   0.00380988   0.13009676   0.11774180   0.14283892  -0.06673553   0.25148477   1.00000000   0.74099353   0.50437070   0.37259344   0.19025598  -0.00834339  -0.13877546  -0.19256931   0.10813816  -0.20119422   0.11013431   0.93796557   0.24569098   0.24645920   0.20707427   0.43381781   0.39099607   0.18333354   0.71461928  -0.22057448   0.27261906   0.41787556   0.17761021   0.27293653   0.28756996   0.36732535   0.87566848   0.51665760   0.32484861   0.00000000  -0.25417687  -0.07135452  -0.17814531   0.35846023   0.11953415   0.30179381   0.01545665   0.15955797  -0.02020273   0.00343911   0.56238815   0.27217583   0.35708757   0.26115886   0.16051591  -0.17333401  -0.04857816   0.20237944   0.33273156   0.12887425   0.83814045   0.09946967   0.75479612   0.05386259  -0.01018585   0.32084854   0.23608900   0.20957880  -0.30330025   0.19370229   0.28821510   0.45256403   0.35013024   0.70422993   0.11550626   0.21160150   0.44762471   0.56983910  -0.26014670  -0.00273536   0.19257126   0.02077775   0.08380026  -0.16431553   0.24713652   0.56140930   0.48734918   0.40661383   0.43761747   0.13195558   0.17682871  -0.02990047  -0.13565386   0.04845427  -0.17600327   0.06755138   0.79489551   0.04873212   0.25037221   0.34937395   0.54094005   0.41684672   0.10824710   0.68627110  -0.24109121   0.35587352   0.40245011   0.18957419   0.27577421   0.18086766   0.24604015   0.64604549   0.20312745   0.27880445   0.00000000  -0.30943251  -0.05582464  -0.22150912   0.38952375   0.27941370   0.27008365  -0.02003916   0.21624475  -0.06058996  -0.08993020   0.21028719   0.37172827   0.34204653  -0.19794389   0.17854603  -0.19633984   0.02657013   0.32110401   0.18745609   0.11599545   0.69546702  -0.21286309   0.66552996   0.07761423  -0.06927062   0.42246792   0.14338302   0.38352590  -0.24867614  -0.02013472   0.24196273   0.17625784   0.26924031
  0.57364906   0.04846160   0.26107510   0.53928979   0.46378935   0.20456300   0.30407754   0.36478901   0.33605134   0.34235794   0.19232151   0.67525397   0.74099353   1.00000000   0.63680970   0.66458243   0.27300815   0.23460118  -0.01119327  -0.00057938   0.31133622   0.02943340   0.28581663   0.65515560   0.39719514   0.47920667   0.27090107   0.49256798   0.57545868   0.33333248   0.46732041  -0.11654200   0.34397056   0.56802097   0.21145290   0.40391884   0.37816503   0.47692622   0.74901226   0.85652353   0.52470906   0.00000000  -0.16077901   0.30204226   0.07755949   0.55193910   0.38355134   0.57774812   0.11120379   0.58006557   0.21558478   0.08265426   0.78662578   0.47131151   0.52661335   0.49903462   0.21873512  -0.07659716   0.09565000   0.31456325   0.40299631   0.39042945   0.74743952   0.13334950   0.61036613   0.24115098   0.27933464   0.40179406   0.61587996   0.41750960   0.01532974   0.41105903   0.41793671   0.66222257   0.40090868   0.40473376   0.09273005   0.34621060   0.49097995   0.56634458   0.13016068   0.20216033   0.37361854   0.20587641   0.31637007   0.08516823   0.32460496   0.55165688   0.60132830   0.36621520   0.41536182   0.15482591   0.26425375  -0.01619556  -0.00190316   0.15175359   0.03190328   0.16743008   0.45274543   0.09574322   0.25167491   0.31504772   0.47922433   0.48468102   0.23115711   0.43738665   0.01819957   0.40604854   0.39077966   0.27219305   0.33789769   0.22679777   0.21298911   0.66963467   0.24465204   0.42269950   0.00000000  -0.18066896   0.20074147   0.03986698   0.48021465   0.47006294   0.31002148   0.11769467   0.36758804   0.08756132  -0.04874836   0.27279018   0.40718148   0.24477273  -0.03560484   0.14298331  -0.14807642   0.12208112   0.24397061   0.13584235   0.28902526   0.56024629  -0.11812650   0.47328720   0.21505816   0.21765552   0.33989575   0.25007458   0.40999424   0.03084486   0.20258445   0.17907909   0.27256856   0.37117393
  0.49673665   0.51289788   0.56617232   0.40734282   0.53356307   0.26746182   0.60400866   0.55946262   0.42156765   0.44354896   0.38299080   0.64174921   0.50437070   0.63680970   1.00000000   0.72113387   0.27347566   0.33148112   0.34749494   0.26251317   0.60880997   0.37684617   0.32923917   0.53516619   0.68926105   0.78353975   0.66787866   0.41631304   0.55150475   0.63416309   0.22051158   0.04796959   0.32173513   0.37276819   0.21358937   0.36690352   0.65212418   0.53649236   0.42202475   0.54895482   0.34958389   0.00000000   0.29954452   0.31636229   0.36362287   0.41615332   0.66426917   0.46213191   0.14901802   0.52150693   0.23779544   0.49899518   0.81440732   0.78292863   0.85907677   0.65243939   0.65646790   0.33549594   0.25820675   0.34683880   0.50242738   0.41982339   0.61949735   0.06677251   0.53124496   0.41124754   0.47109034   0.64870562   0.70566127   0.66812019   0.01393284   0.52277971   0.62034164   0.47868074   0.30709715   0.32735772   0.49419533   0.57562222   0.26990791   0.51180200   0.24936341   0.52397610   0.59076270   0.49169113   0.47007455   0.29875166   0.51433901   0.48802667   0.55281826   0.80498929   0.60345267   0.00244450   0.19615618   0.37165681   0.30211132   0.47904121   0.30743256   0.26232166   0.32733717   0.59174724   0.40734420   0.53944809   0.29205895   0.48927765   0.61719448   0.26921441   0.12304997   0.28100196   0.23624039   0.03901085   0.26124135   0.52645618   0.35808144   0.43940111   0.46345494   0.39647270   0.00000000   0.26308986   0.13627728   0.30953083   0.33771646   0.64940589   0.34379559   0.00588757   0.38949024   0.10933141   0.31692080   0.58600115   0.77662818   0.58387530   0.45839472   0.55539900   0.25729516   0.29387097   0.38251523   0.35023258   0.34807035   0.48680360  -0.00108033   0.42877409   0.42226626   0.49637632   0.47361930   0.54069935   0.42804714   0.01452645   0.55116561   0.50322012   0.41071044   0.34895234
  0.30338187   0.45389157   0.57658491   0.63746198   0.49102660   0.49852108   0.72063508   0.78435864   0.55796162   0.52548722   0.45161977   0.69129396   0.37259344   0.66458243   0.72113387   1.00000000   0.36174241   0.41924364   0.26505987   0.28778161   0.63987712   0.34361648   0.48689506   0.42123807   0.47006554   0.62905942   0.50520713   0.63317376   0.73258271   0.56741847   0.25227941   0.14703073   0.46937437   0.60549707   0.30766221   0.49746416   0.58733154   0.56989924   0.41260826   0.65164736   0.51430698   0.00000000   0.14544201   0.54650647   0.34982729   0.68632782   0.69954356   0.64069676   0.30289874   0.68572417   0.46081531   0.37352069   0.68694338   0.75478313   0.72139919   0.61817064   0.37771868   0.22089267   0.36175050   0.53581701   0.47249402   0.50610797   0.39557650   0.28581821   0.54065403   0.39697483   0.60209837   0.57117820   0.67662074   0.72729352   0.28868887   0.58119026   0.57826321   0.65478719   0.45404111   0.13982941   0.40094630   0.54483278   0.51697537   0.52273828   0.48642005   0.64414564   0.74873907   0.50082836   0.51057793   0.35032106   0.41312156   0.47338277   0.46579190   0.46995168   0.56040718   0.12776935   0.23371631   0.18098735   0.27493186   0.49044314   0.32451480   0.44359247   0.21752191   0.27118658   0.34980851   0.57631973   0.48194169   0.59980398   0.54524835   0.20263118   0.23665065   0.46577709   0.42359599   0.28917349   0.40230581   0.55771532   0.36451905   0.47712487   0.15613901   0.42804525   0.00000000   0.13131732   0.37858651   0.33448307   0.61683618   0.72821484   0.28340655   0.19762440   0.47767477   0.35415667   0.19181591   0.35600744   0.59231297   0.36270062   0.21513323   0.38725903   0.16067639   0.32595406   0.41516274   0.26622883   0.45797318   0.36206637   0.16187708   0.38569762   0.39167648   0.61541256   0.51315079   0.49474177   0.62650370   0.20052926   0.49486844   0.38128850   0.41179690   0.53286569
  0.19137888  -0.05127084   0.33713721   0.49093850   0.10848572   0.17926728   0.39954864   0.35683813   0.16654294   0.43124552   0.03959097   0.35631858   0.19025598   0.27300815   0.27347566   0.36174241   1.00000000   0.87995285  -0.08310764  -0.09827147   0.19909256  -0.02212449   0.54647442   0.24030489   0.20227294   0.30014352   0.17437060   0.39746377   0.31897615   0.26231276   0.19553383   0.46758869   0.67717321   0.40126480   0.86378102   0.25919777   0.17543846   0.12960631   0.22340350   0.26887654   0.46077303   0.00000000  -0.14194422   0.16265107   0.06789495   0.36254464   0.17788515   0.49660711   0.73331040   0.44044911   0.14576102   0.09277675   0.31287176   0.25705339   0.31466875   0.20706417   0.10528565  -0.12524577  -0.05447272   0.21811751   0.06211258   0.13696084   0.24035259   0.23703938   0.22251226   0.14834653   0.20429113   0.26679215   0.23184230   0.32148675   0.12137061   0.22234758   0.20876710   0.30551784   0.31989509   0.13422436   0.05158187   0.39767446   0.44907359   0.31042220   0.22521060   0.44573723   0.45494519   0.14810269   0.39764501   0.02046095   0.30984090   0.37483404   0.32001037   0.25829825   0.26925917   0.45738590   0.52541622  -0.12710167  -0.06284590   0.19594510   0.05567395   0.49157654   0.20918820   0.08212689   0.40774221   0.32873155   0.37820049   0.39587253   0.26753810   0.14368310   0.20800194   0.47674371   0.33246451   0.16092198   0.55117335   0.20331609   0.21462653   0.39175654   0.09671034   0.51639962   0.00000000  -0.10469694   0.15697760   0.06701928   0.41962771   0.43387906   0.16916592   0.24418210   0.43719165   0.15540965  -0.01467248   0.12413346   0.30799651   0.13489732  -0.01619079   0.14387428  -0.16430976  -0.00593756   0.22503219   0.05620896   0.39238856   0.23861687   0.23279482   0.24709158   0.12672335   0.27042693   0.33997669   0.31690121   0.40443172   0.09274495   0.12883745   0.12740943   0.30299556   0.47017871
 -0.04419351   0.10334654   0.32786754   0.39484477   0.11405181   0.43146205   0.52320397   0.45295624   0.31196553   0.50758101   0.20419393   0.48728112  -0.00834339   0.23460118   0.33148112   0.41924364   0.87995285   1.00000000   0.13354590   0.10381369   0.34573312   0.21571852   0.48520886   0.01975324   0.30570907   0.41137704   0.25772343   0.28665777   0.26130614   0.35706274   0.00859805   0.62071989   0.46292389   0.29893798   0.68668050   0.18874671   0.26626660   0.20126346  -0.00656990   0.28909493   0.34260668   0.00000000   0.10420553   0.30916479   0.26250914   0.30232034   0.30119396   0.60707938   0.65894513   0.51737688   0.28698608   0.27043250   0.34401665   0.35754308   0.37694400   0.33592268   0.22263527   0.09277393   0.05213990   0.20728677   0.11975272   0.21990707   0.09954693   0.27770653   0.07486861   0.26439929   0.42426506   0.27640980   0.34829674   0.33457318   0.31430958   0.33601225   0.28687776   0.28805520   0.16854451  -0.09434188   0.16169955   0.36860454   0.28259857   0.20909685   0.44192556   0.49715693   0.44224945   0.31482395   0.51666799   0.21518654   0.33442849   0.32374812   0.34151184   0.27171308   0.19128425   0.19542518   0.36164765   0.02624176   0.11438287   0.28594574   0.25176218   0.45254463  -0.06854337   0.23640839   0.36855466   0.31351104   0.19327846   0.31474510   0.38668744  -0.04153243   0.44113440   0.32346752   0.18687643   0.01738257   0.45388476   0.23299408   0.18778594   0.29784831   0.22259405   0.42876530   0.00000000   0.16039086   0.25003442   0.27846094   0.31130169   0.45110151   0.11814783   0.17248597   0.47732466   0.22792755   0.17594769   0.24306814   0.32894940   0.10762339   0.25515609   0.21282413   0.03367489   0.06571611   0.20235274   0.12833389   0.41952583   0.10012788   0.31055288   0.05993686   0.24038860   0.46274916   0.26958081   0.40181962   0.28325259   0.24357628   0.32785946   0.13611248   0.33206500   0.38762494
 -0.25364188   0.79483727   0.35085528  -0.06749819   0.34061418   0.56214641   0.42974100   0.30246662   0.47327180   0.42843659   0.69770295   0.34414193  -0.13877546  -0.01119327   0.34749494   0.26505987  -0.08310764   0.13354590   1.00000000   0.82797338   0.67168352   0.80273897   0.29317150  -0.10486130   0.48218277   0.47149038   0.63512998  -0.20098431  -0.11527416   0.61937365  -0.11057566   0.33297320  -0.12605378  -0.07066598  -0.09373664   0.08616071   0.45731145   0.40334104  -0.30098980  -0.02575147  -0.12341311   0.00000000   0.85954812   0.27156114   0.73610692  -0.17917364   0.55608007   0.18455351  -0.07534572   0.09327062   0.26351368   0.82612137   0.15965263   0.50211140   0.43864453   0.39718544   0.68569328   0.90634439   0.64898567   0.36582850   0.42683394   0.55081487  -0.17414612   0.24680103  -0.07840545   0.60692063   0.62065297   0.24399625   0.32651895   0.21503494   0.49702408   0.49352784   0.45568882   0.04922379  -0.09677027  -0.31310478   0.80328426   0.23926773  -0.25465445  -0.11095452   0.49359779   0.33207296   0.16089804   0.63114890   0.49710749   0.73169759   0.30755001   0.13680019   0.27527081   0.33659970   0.08239475  -0.11022194   0.06511681   0.88002215   0.83935344   0.68797289   0.75507421   0.30399043  -0.27372596   0.64511399   0.21618207   0.43282397  -0.34437532  -0.20883582   0.68640177  -0.05343795   0.47766660  -0.01746129  -0.09733484  -0.10851783  -0.06598743   0.45324009   0.17682307  -0.12657845   0.34769048  -0.00243314   0.00000000   0.84814047   0.28504657   0.72304576  -0.23357486   0.31459774   0.25290007  -0.04389624   0.08586053   0.16644349   0.82947916   0.52810210   0.25943624   0.21188749   0.70373474   0.57588914   0.87839441   0.63700088   0.34495039   0.59783475   0.48131604  -0.08407774   0.38297861  -0.16241902   0.65734056   0.62321659   0.12538971   0.31084043  -0.10863351   0.46864138   0.71902885   0.29115896   0.28795218   0.17196547
 -0.22773573   0.71248675   0.25885161  -0.11399117   0.45297787   0.58369093   0.38121110   0.35219991   0.50999651   0.49380216   0.89954834   0.34472683  -0.19256931  -0.00057938   0.26251317   0.28778161  -0.09827147   0.10381369   0.82797338   1.00000000   0.65446990   0.89024587   0.23634662  -0.15496143   0.30791871   0.36496240   0.38575618  -0.22290997  -0.10282239   0.55784010  -0.08210419   0.27806527  -0.17801596  -0.04438084  -0.16416367  -0.01603429   0.23927997   0.27151212  -0.25513095   0.03125262  -0.15534684   0.00000000   0.77884890   0.31957184   0.82323356  -0.14387058   0.48386167   0.14065370  -0.16025292   0.11678526   0.16177654   0.81896095   0.05049626   0.49869914   0.34537026   0.41214891   0.39291786   0.80864233   0.77327139   0.35213265   0.21974875   0.68043837  -0.22127947   0.14720751  -0.07724263   0.62790484   0.64288153   0.01461174   0.15348950   0.12867706   0.47395764   0.43937165   0.29403976   0.06019689  -0.14644404  -0.25611270   0.71073059   0.10652679  -0.25871029   0.01220112   0.52749770   0.31462237   0.19256648   0.60460404   0.50684398   0.92242867   0.19969573   0.17188665   0.21998477   0.17981940   0.04256813  -0.17480023  -0.02808880   0.76644226   0.94803971   0.68458380   0.89010523   0.25627655  -0.23745160   0.44793969   0.10745750   0.28468801  -0.27223436  -0.15456284   0.57422778  -0.07569396   0.36185704  -0.03053248   0.01640094  -0.02743119  -0.07178835   0.33923856   0.10519892  -0.07863914   0.18185640  -0.10250762   0.00000000   0.78574487   0.37167538   0.83554621  -0.21285058   0.27318171   0.11795428  -0.06965631   0.07313440   0.16219195   0.83499811   0.34253612   0.22309773   0.05580833   0.61951216   0.29912418   0.83229765   0.70682380   0.24658377   0.40830496   0.59239102  -0.05656272   0.35026000  -0.17349201   0.66474757   0.62326138   0.00172881   0.12849075  -0.09008348   0.45084515   0.59985736   0.09035157   0.22129389   0.18304161
