  1.00000000   0.49598627   0.73265197   0.29000211   0.94306986   0.83947200   0.05220495   0.57025087   0.79735057   0.73622805   0.78405313   0.70526183   0.82229431   0.74673629   0.74848318   0.77089191   0.53853401   0.70297512   0.82184850   0.80385721   0.54042769   0.65127452   0.46253857   0.94141164   0.74511202   0.63849044   0.79838289   0.75308908   0.69366635   0.81787922   0.66674395   0.23397339   0.32064064   0.74441702   0.78989782   0.50598728   0.53591135   0.64715981   0.76144440   0.69751314   0.62806695   0.00000000   0.65554084   0.80194710   0.75821285   0.66793228   0.76761184   0.82632819   0.66470252   0.50320869   0.05696853   0.68137239   0.73085706   0.74276526   0.52788727   0.74822566   0.79674038   0.76140844   0.75334981   0.71553583   0.54217035   0.61792345   0.77144928   0.61142386   0.93521085   0.76959128   0.73017209   0.74949937   0.15796651   0.46394274   0.89683367   0.79668724   0.61215330   0.73412767   0.16516568   0.93444085   0.72920854   0.77799843   0.32923508   0.92200035   0.81979711  -0.00772828   0.71327887   0.78052074   0.68195171   0.75880710   0.63463444   0.47930812   0.83029057   0.69965619   0.75190717   0.50362725   0.63999032   0.84583904   0.80835398   0.68305939   0.76687252   0.54355676   0.86374821   0.79812505   0.71053968   0.80273757   0.76481416   0.73599948   0.81907679   0.58466751   0.50345548   0.35776108   0.62433662   0.66383988   0.65882670   0.47439060   0.69711951   0.76887346   0.63806161   0.71104558   0.00000000   0.78228000   0.66829956   0.79124743   0.74148187   0.76616233   0.79235534   0.54208561   0.51819776   0.48222451   0.79979026   0.65545599   0.78475827   0.54043423   0.79312839   0.80528941   0.78502125   0.76772299   0.79343671   0.70780391   0.75266533   0.80600007   0.74612098   0.89764143   0.77451039   0.73316637   0.77504252   0.16378712   0.51799126   0.82255917   0.80005814   0.73174047   0.78561185   0.50353206
  0.49598627   1.00000000   0.75640740   0.54057040   0.55513021   0.57986260   0.38181204   0.72831386   0.74227041   0.79793177   0.75120684   0.56736724   0.58089371   0.61283166   0.58026813   0.61643751   0.62767313   0.59412544   0.77134720   0.76008804   0.90965195   0.93085038   0.67323563   0.56231409   0.73172852   0.76535818   0.73644202   0.75214338   0.70528174   0.74308351   0.36323611   0.26793250   0.59219612   0.69056198   0.56334776   0.80403173   0.91568264   0.77245874   0.45142063   0.64281052   0.77544224   0.00000000   0.93514314   0.57834042   0.84160734   0.77541904   0.71823564   0.55792812   0.63031305   0.60413316   0.32493258   0.80529568   0.59499968   0.55657398   0.54875772   0.73424390   0.73966206   0.79181894   0.71794710   0.81110139   0.89215917   0.83179215   0.53168435   0.54432736   0.57035765   0.71956147   0.72436534   0.76776512   0.45919019   0.76367280   0.54266914   0.71483658   0.81415643   0.79712421   0.62404588   0.44364033   0.85267353   0.60641805   0.47430091   0.55434483   0.59534542   0.42865669   0.70890899   0.72034820   0.80483855   0.75097661   0.63887811   0.48935797   0.60524164   0.65673183   0.63344234   0.68845920   0.62725072   0.71049072   0.71874201   0.82787492   0.83113429   0.72881344   0.54609262   0.64434726   0.60239325   0.72683166   0.61485584   0.60278943   0.72846167   0.32046259   0.36007607   0.63260923   0.64484444   0.65927307   0.66654787   0.89920509   0.75604732   0.64614621   0.68516509   0.69295739   0.00000000   0.84146711   0.65029764   0.78633435   0.69958091   0.64382520   0.60818138   0.71340281   0.63399148   0.63344021   0.77714791   0.63056222   0.59890504   0.72673551   0.58973114   0.68587434   0.77056189   0.71359456   0.76438863   0.81233248   0.83324360   0.67718934   0.59846099   0.59867483   0.69539547   0.78397051   0.67155083   0.43283519   0.69714211   0.51510106   0.70488761   0.79186880   0.69516404   0.66923253
  0.73265197   0.75640740   1.00000000   0.61224375   0.84354737   0.88979020   0.28639614   0.85881493   0.90395287   0.84491914   0.88339494   0.90336354   0.85899986   0.89975612   0.88653602   0.88976202   0.74959518   0.84704555   0.85095875   0.84866538   0.73508428   0.80829496   0.59018192   0.77844350   0.89272743   0.78955487   0.94622955   0.94279208   0.95341844   0.93335077   0.57458711   0.18074308   0.54183084   0.89033096   0.85421276   0.69792934   0.79165082   0.81893368   0.66571437   0.89422655   0.77628264   0.00000000   0.82747724   0.81193478   0.89187528   0.90670315   0.95216483   0.84803481   0.81380480   0.80618038   0.06408164   0.73684164   0.89474862   0.89366888   0.74245352   0.87104163   0.92700510   0.87592237   0.88010289   0.86793912   0.75740431   0.73024390   0.82834544   0.73738627   0.80948645   0.90329639   0.85590251   0.92469076   0.55058012   0.87053928   0.82833358   0.91429501   0.76584660   0.87915853   0.37944641   0.66502102   0.89303833   0.94200610   0.51976735   0.84551371   0.88982997   0.39660117   0.93689733   0.91318908   0.82446493   0.87154818   0.82046626   0.44549328   0.84725989   0.89290859   0.91573421   0.71742077   0.78017607   0.78897590   0.78763196   0.89383485   0.88723390   0.70488444   0.67587997   0.90207079   0.91235751   0.94634458   0.93098825   0.92039550   0.93540549   0.42415759   0.47060008   0.60049816   0.79922365   0.83210215   0.89007385   0.78434037   0.88471136   0.88007616   0.86661221   0.91793626   0.00000000   0.81843957   0.80459267   0.89658690   0.95274790   0.94609291   0.85800876   0.80417216   0.81680365   0.55940128   0.84083204   0.83844337   0.90530020   0.88530596   0.88421117   0.91714835   0.86706405   0.86816292   0.90077799   0.86311970   0.88812168   0.91255921   0.83090104   0.79745622   0.89551478   0.93366536   0.95212444   0.57355904   0.89707978   0.74776351   0.92682374   0.90131955   0.90712169   0.68884586
  0.29000211   0.54057040   0.61224375   1.00000000   0.35058373   0.50271894   0.61642003   0.72488163   0.50192570   0.55293103   0.39565655   0.67890564   0.50475711   0.59070083   0.64790146   0.61193781   0.63801347   0.63876410   0.41268522   0.37575658   0.53285614   0.52878874   0.54241427   0.35371788   0.45601747   0.66683944   0.46279815   0.64124854   0.67395389   0.45976351   0.17138481   0.35994100   0.77737993   0.62788687   0.45948338   0.68409685   0.57604023   0.59184841   0.52523137   0.60590427   0.65088512   0.00000000   0.51535796   0.34335118   0.50130713   0.77251139   0.56919554   0.49661808   0.68450426   0.79128777   0.32762312   0.46139198   0.62094615   0.57222766   0.66578951   0.55829968   0.45868124   0.43180468   0.40067150   0.45549190   0.57416500   0.49385026   0.38709536   0.35117005   0.30601966   0.42206626   0.67006194   0.60582745   0.79560722   0.75292990   0.35182030   0.47161336   0.56080288   0.55189618   0.67695102   0.17570388   0.48774067   0.45188077   0.58842794   0.35010397   0.43631233   0.48159262   0.60355536   0.53200020   0.61678367   0.37925175   0.62314920   0.42540119   0.43850213   0.50440795   0.52869319   0.57821845   0.59961532   0.33853107   0.32336256   0.52952573   0.48732946   0.54356769   0.28652159   0.39899603   0.45686242   0.43198582   0.44109742   0.43154834   0.42340827   0.08870655   0.33141195   0.58211742   0.47576479   0.51327234   0.50222932   0.59272160   0.51585735   0.55663653   0.61331920   0.53473423   0.00000000   0.44367883   0.48532672   0.44954749   0.55796310   0.46801587   0.49336569   0.59754733   0.65145073   0.39961259   0.38931450   0.54937250   0.47329590   0.62642687   0.40147236   0.39578063   0.38667238   0.35446307   0.42729888   0.45297695   0.49208010   0.47950372   0.32082016   0.31759559   0.39202923   0.64245656   0.47440445   0.49201972   0.51501324   0.31214515   0.45764344   0.47794989   0.43492925   0.54959028
  0.94306986   0.55513021   0.84354737   0.35058373   1.00000000   0.93050418   0.06451324   0.67960272   0.87875552   0.78467743   0.85160624   0.80593592   0.89528743   0.84503530   0.82991178   0.87030786   0.62708197   0.80722851   0.86618564   0.83556025   0.58260749   0.69763236   0.48529877   0.90749536   0.83341647   0.68625511   0.89148754   0.84800105   0.81078504   0.90254870   0.65877577   0.19664197   0.33057459   0.82427070   0.86743874   0.53625348   0.60032572   0.72586885   0.76289487   0.83011192   0.65798886   0.00000000   0.70767449   0.86426095   0.82485816   0.75014410   0.86890947   0.90007848   0.72440719   0.61422451  -0.02037742   0.70095537   0.80605449   0.85375656   0.62860917   0.80844512   0.87596867   0.83469337   0.83502825   0.79424861   0.59558811   0.64394358   0.84206945   0.65227687   0.92692108   0.85901850   0.78622922   0.83660114   0.23487272   0.60051743   0.93866496   0.88695021   0.67150980   0.80758735   0.15247257   0.87258286   0.79203660   0.88721688   0.34851766   0.97517844   0.92176763   0.08661635   0.80653431   0.86332856   0.74624878   0.83504210   0.71273446   0.46716360   0.87591314   0.80177246   0.87963717   0.59860830   0.71090130   0.84847275   0.83034242   0.76395672   0.83260107   0.58677671   0.80131513   0.88609118   0.81729137   0.89448630   0.86806692   0.84887216   0.90590019   0.52317172   0.49061136   0.39619960   0.70024595   0.78118113   0.76150527   0.54160974   0.78310880   0.85906758   0.74313296   0.80862651   0.00000000   0.80342224   0.76537516   0.85885370   0.84161803   0.87899488   0.87528022   0.65157060   0.63716306   0.50865485   0.83494930   0.73307373   0.89046484   0.68298624   0.86808531   0.88598872   0.85119475   0.84714387   0.86058469   0.76974959   0.82536397   0.89133567   0.80992624   0.89334558   0.86308356   0.83541602   0.88305739   0.30712712   0.66918631   0.84337896   0.88388225   0.79914278   0.87123609   0.53545595
  0.83947200   0.57986260   0.88979020   0.50271894   0.93050418   1.00000000   0.20551769   0.75292200   0.89186354   0.79397887   0.82338929   0.91091614   0.94031963   0.90807922   0.91346212   0.94608766   0.74258996   0.93467311   0.82656866   0.78628140   0.58936298   0.68531169   0.53968111   0.83134824   0.83809416   0.73055156   0.88895741   0.88063203   0.87786324   0.89770694   0.52693543   0.27209551   0.47896447   0.89780553   0.90936518   0.58533443   0.61769798   0.77810866   0.80415293   0.89954816   0.68807427   0.00000000   0.71676241   0.81838359   0.81538898   0.81661668   0.90645979   0.95822750   0.83648429   0.76678432   0.04123934   0.69583819   0.88268261   0.94298411   0.75672783   0.84117374   0.87862942   0.81391574   0.81816598   0.77872817   0.62450949   0.61860983   0.85245544   0.60634854   0.86604733   0.84707816   0.84580773   0.88147276   0.43318107   0.70804483   0.93369211   0.90288815   0.70785116   0.82848056   0.24148642   0.76904712   0.80809377   0.89207831   0.45797285   0.93300251   0.97719500   0.21419898   0.85367752   0.88397029   0.77245090   0.80446133   0.80901804   0.51146859   0.87502499   0.85973213   0.92802671   0.70527095   0.81743452   0.80511034   0.77072181   0.79171592   0.82456122   0.62469199   0.72840556   0.89043905   0.86786951   0.88684366   0.88457409   0.86791335   0.89025866   0.39892843   0.52826280   0.48935965   0.76671426   0.87389381   0.81743336   0.62318148   0.83502882   0.92738128   0.81363632   0.86576260   0.00000000   0.77742815   0.81899524   0.84466500   0.87100907   0.90364675   0.95494110   0.76036969   0.77863090   0.56681916   0.82498643   0.82216629   0.94043862   0.77288091   0.88267603   0.88570810   0.83832869   0.82079615   0.86291088   0.75017817   0.82129800   0.91931999   0.77829163   0.84250329   0.84111150   0.89603186   0.91227819   0.44310604   0.72385853   0.83655919   0.89969395   0.82347951   0.88288927   0.60407549
  0.05220495   0.38181204   0.28639614   0.61642003   0.06451324   0.20551769   1.00000000   0.46802156   0.08924179   0.17778849   0.02383680   0.30157535   0.17942189   0.18503903   0.39225622   0.41347538   0.39956541   0.32544676   0.07015479   0.10917129   0.31212870   0.28612010   0.39829682   0.13372092   0.02518359   0.37764113   0.14070028   0.30137747   0.31096430   0.08917621   0.12469657   0.56427223   0.61057853   0.20883898   0.01536443   0.47518761   0.29953897   0.18106785   0.32522487   0.21883991   0.31998319   0.00000000   0.27543533  -0.04976862   0.16112844   0.47866229   0.19495466   0.17712421   0.31039029   0.58002128   0.66781105   0.13369141   0.30500216   0.30671846   0.64252849   0.19572696   0.08025485   0.08228907  -0.03183287   0.03032984   0.23990287   0.23008740  -0.04246150   0.18230118   0.05162482   0.00444052   0.35455464   0.25847468   0.66803213   0.50269728   0.07341918   0.03546134   0.27665460   0.13973404   0.68094486  -0.06885060   0.12996513   0.03502426   0.56987917   0.02382137   0.14813365   0.77496889   0.29382250   0.08082000   0.33035993   0.03814550   0.46069100   0.56495100   0.23142177   0.22609002   0.33754793   0.33384349   0.42862960   0.06612243   0.09023781   0.18498644   0.16141684   0.34638799   0.23306674  -0.02830297   0.06327316   0.10832756   0.08351980   0.07736680   0.07115414   0.18903421   0.40212286   0.41181963   0.14165956   0.16056416   0.11273294   0.49069533   0.16714466   0.31686097   0.37212816   0.12021183   0.00000000   0.12481305   0.16811019   0.11464937   0.24662583   0.04381088   0.16858604   0.28569482   0.47163222   0.41304767   0.11177559   0.26629311   0.20295340   0.50706287   0.00035843  -0.00320610   0.07244679  -0.03328771   0.05089907   0.09625768   0.14633135   0.17015785   0.05739641   0.00035916  -0.02882908   0.31531983   0.08921507   0.34016765   0.28318553   0.14436359   0.02558256   0.08565602   0.00011257   0.28048299
  0.57025087   0.72831386   0.85881493   0.72488163   0.67960272   0.75292200   0.46802156   1.00000000   0.82803389   0.82272768   0.71171859   0.77756377   0.71039861   0.77528862   0.78262135   0.80224768   0.69113311   0.79103290   0.73424518   0.68237415   0.78206362   0.77950672   0.71498433   0.58508915   0.76054972   0.85912353   0.77955067   0.87987684   0.88351685   0.78819351   0.35442684   0.34013001   0.64441983   0.78036626   0.64366253   0.81320472   0.79046626   0.81663242   0.67582135   0.82055061   0.85393956   0.00000000   0.74945396   0.61658674   0.78976293   0.93264053   0.89180426   0.70253423   0.75796366   0.81830895   0.29828077   0.72985881   0.76354695   0.76855605   0.72130257   0.83085433   0.77937849   0.75520128   0.71750371   0.76315167   0.78520282   0.75689184   0.59737375   0.56825088   0.60443297   0.73961386   0.87567232   0.88821361   0.61593967   0.90316177   0.64813372   0.80154132   0.80496393   0.83917539   0.60154976   0.42907965   0.76921056   0.75996052   0.55665344   0.63323335   0.71919537   0.40914921   0.88501098   0.82100707   0.86346297   0.70822659   0.72473565   0.54413445   0.65726252   0.69225893   0.76204617   0.69119526   0.68354429   0.64430381   0.63147416   0.81398584   0.78959776   0.72735049   0.51741578   0.69521732   0.71630884   0.76098718   0.74014633   0.72997141   0.76620976   0.26369032   0.38500477   0.62660582   0.67348730   0.71343547   0.73360620   0.75008062   0.74282891   0.78108142   0.78038327   0.80416830   0.00000000   0.71538496   0.75291673   0.77651182   0.83272016   0.78921233   0.71997486   0.72668815   0.76071436   0.57817727   0.71921766   0.67888532   0.70463988   0.79366407   0.70703402   0.72932786   0.72246780   0.68583301   0.74090628   0.75330878   0.80830527   0.72621791   0.59341015   0.57299370   0.71909106   0.89699538   0.79033990   0.48611506   0.75783693   0.61039676   0.78431823   0.74384959   0.73603513   0.65884143
  0.79735057   0.74227041   0.90395287   0.50192570   0.87875552   0.89186354   0.08924179   0.82803389   1.00000000   0.94224215   0.91337177   0.80962059   0.86029671   0.85955743   0.79043224   0.83440764   0.72198536   0.85150622   0.93100683   0.88133885   0.77971253   0.85497642   0.64281842   0.79336652   0.93809804   0.82726856   0.93042161   0.91623700   0.88951810   0.96927856   0.49731611   0.22193604   0.51537203   0.90148533   0.86579510   0.73109050   0.78442094   0.89378620   0.70219155   0.88431174   0.82896347   0.00000000   0.84265032   0.84983773   0.93037813   0.85669691   0.95026207   0.86162584   0.81105602   0.68321708   0.06334381   0.85213120   0.79144766   0.80646931   0.61382388   0.91492664   0.94082065   0.91232726   0.91155718   0.92125241   0.80608842   0.80948938   0.80192847   0.64411193   0.83715408   0.93137419   0.89536984   0.93762500   0.35159350   0.74324881   0.87139659   0.98453224   0.86370328   0.95163208   0.36237616   0.74447138   0.91034347   0.90135037   0.43471573   0.87308332   0.89275330   0.14555626   0.89623825   0.97719115   0.90887842   0.89431443   0.69938933   0.48791448   0.78493569   0.79469696   0.83170295   0.73067235   0.72671383   0.86635994   0.83475651   0.91016987   0.93689583   0.73147072   0.71175936   0.92472052   0.86081278   0.91908244   0.88175628   0.86164210   0.94707666   0.38481506   0.40536724   0.56932164   0.80603373   0.86033364   0.84667138   0.71028106   0.88399031   0.85074168   0.76164293   0.91108156   0.00000000   0.90185561   0.86054185   0.94188945   0.88953960   0.92764886   0.88372933   0.78111540   0.69787008   0.61267542   0.90157177   0.74739641   0.82392303   0.72490193   0.89922416   0.92939806   0.90697790   0.89676694   0.93209188   0.88493293   0.94272906   0.86439353   0.78255178   0.84738082   0.92055053   0.95005812   0.92834771   0.36759709   0.74098102   0.79912169   0.96665814   0.91585734   0.93924701   0.70282668
  0.73622805   0.79793177   0.84491914   0.55293103   0.78467743   0.79397887   0.17778849   0.82272768   0.94224215   1.00000000   0.84496965   0.73067395   0.77049531   0.76582156   0.71254018   0.75743079   0.69525661   0.77526047   0.89159767   0.84119033   0.88850702   0.91766556   0.77442824   0.73264227   0.86056003   0.87629143   0.85692156   0.89432493   0.83006679   0.90389546   0.44101883   0.30344285   0.55204547   0.82449704   0.76737426   0.81022699   0.83601024   0.86384570   0.64817438   0.80414257   0.89087793   0.00000000   0.85914972   0.76200603   0.93489716   0.86575132   0.88855146   0.75848635   0.78347581   0.64898659   0.23246206   0.89315252   0.71127693   0.69907726   0.57494828   0.88031171   0.86933002   0.85657350   0.82607344   0.88567625   0.87642263   0.91782325   0.67614177   0.60315499   0.73991151   0.84307008   0.91104435   0.91753317   0.35835801   0.70910830   0.78287839   0.90974163   0.86677013   0.92020402   0.49125178   0.67681619   0.87942388   0.80396431   0.49357246   0.77340088   0.78011028   0.21887037   0.87362743   0.91762934   0.95630887   0.83342504   0.66407080   0.56363403   0.73871767   0.70811126   0.74255799   0.71736864   0.69483121   0.82876934   0.79957296   0.90847092   0.93101753   0.81721617   0.70543933   0.81079136   0.76047204   0.84311168   0.79394546   0.76640376   0.87162026   0.40376552   0.42683141   0.57381192   0.73652065   0.79159725   0.75548528   0.75478820   0.82000411   0.77517130   0.70849473   0.83226154   0.00000000   0.90587978   0.81615047   0.90913411   0.82697216   0.82492518   0.79004433   0.73756801   0.65306967   0.66054881   0.87389220   0.68470407   0.71538074   0.67677867   0.81265048   0.83259318   0.84224461   0.81433164   0.87207490   0.89214728   0.93387404   0.78032443   0.68682816   0.75503173   0.82758990   0.92966936   0.83604357   0.32445284   0.66420599   0.74758698   0.88282981   0.87830143   0.84927810   0.69239061
  0.78405313   0.75120684   0.88339494   0.39565655   0.85160624   0.82338929   0.02383680   0.71171859   0.91337177   0.84496965   1.00000000   0.76698862   0.80841463   0.82835029   0.71660578   0.74604698   0.65526477   0.74743697   0.96986853   0.96097364   0.73782296   0.84845651   0.52531557   0.80639249   0.95580431   0.72712968   0.95191889   0.84252877   0.81953217   0.96329725   0.58782574   0.08156933   0.39809094   0.86196451   0.85636919   0.64372698   0.79912092   0.83268417   0.60102227   0.81674590   0.74391574   0.00000000   0.87504446   0.85145801   0.95326547   0.76148567   0.89159527   0.79161279   0.73774812   0.58118008  -0.04883648   0.78628827   0.75493561   0.74251541   0.50456224   0.85685578   0.96657290   0.98200322   0.98210634   0.96022876   0.77384771   0.75519047   0.83289215   0.70937682   0.85537141   0.98480227   0.77753567   0.86067522   0.29574545   0.69908392   0.84010659   0.94102093   0.76654290   0.91339240   0.25376777   0.75264683   0.92959332   0.88704147   0.36005676   0.84627552   0.84958721   0.13648548   0.81890092   0.91347258   0.77963710   0.98829660   0.69617339   0.33721462   0.77820453   0.80176149   0.78288275   0.69966174   0.70537087   0.91078449   0.92371114   0.90270693   0.95083696   0.66431128   0.69171246   0.94356557   0.84741648   0.95295750   0.84985314   0.84098703   0.97206196   0.45540159   0.41827110   0.52355653   0.76823454   0.82195716   0.84171838   0.69338180   0.85202955   0.78414383   0.76405832   0.88400383   0.00000000   0.91324310   0.77566984   0.97473350   0.84587699   0.91281627   0.82524199   0.76674778   0.68449407   0.54732178   0.93103792   0.74664471   0.80888693   0.70967718   0.86588859   0.96243887   0.97347676   0.98390483   0.95501519   0.88384165   0.93544055   0.86931502   0.86748564   0.87885435   0.98289652   0.85121568   0.90437649   0.42322941   0.76656506   0.74244811   0.94760529   0.90168003   0.94506624   0.65971765
  0.70526183   0.56736724   0.90336354   0.67890564   0.80593592   0.91091614   0.30157535   0.77756377   0.80962059   0.73067395   0.76698862   1.00000000   0.91553960   0.95242733   0.92881061   0.88239926   0.74593475   0.91399279   0.73231226   0.70898117   0.55945394   0.63458731   0.49799790   0.73268370   0.81530748   0.70587649   0.84888065   0.84631994   0.88341556   0.83457634   0.43855369   0.18990547   0.55805363   0.89633216   0.87028841   0.57894715   0.65298673   0.75697460   0.78916882   0.92494985   0.67753268   0.00000000   0.67111772   0.75478993   0.75795737   0.82880399   0.87722310   0.89936915   0.85255925   0.86692381   0.02824222   0.60898640   0.94464660   0.93267319   0.74908988   0.80524074   0.84215659   0.75860170   0.78482390   0.74647074   0.63500408   0.55176985   0.86465497   0.58931973   0.73864726   0.80416079   0.81830823   0.84264395   0.66505409   0.78558155   0.79100633   0.83179309   0.65405818   0.79382422   0.31153983   0.59994821   0.77502100   0.85157037   0.52117918   0.80858087   0.87644287   0.31848143   0.84961978   0.83977523   0.70816116   0.74139827   0.85428812   0.44766144   0.84218296   0.86454562   0.85434917   0.71709797   0.81733525   0.67680777   0.65460863   0.76850785   0.75370407   0.59049635   0.60200933   0.84949968   0.87924155   0.84708290   0.85794581   0.84241772   0.82932211   0.27412855   0.47456046   0.55961989   0.76748346   0.82540094   0.84946500   0.65140501   0.82742105   0.89456335   0.85572321   0.86355481   0.00000000   0.68878978   0.75734273   0.77305607   0.87088912   0.88147512   0.88925546   0.77314054   0.84282131   0.46585777   0.71309161   0.84949999   0.89885947   0.80034975   0.84323792   0.83994770   0.75422309   0.76150864   0.79935329   0.72218098   0.75851472   0.89854125   0.72106475   0.74039351   0.79898507   0.85777967   0.89008573   0.60915143   0.78558403   0.67897736   0.85040352   0.80499578   0.83912426   0.62672429
  0.82229431   0.58089371   0.85899986   0.50475711   0.89528743   0.94031963   0.17942189   0.71039861   0.86029671   0.77049531   0.80841463   0.91553960   1.00000000   0.95011757   0.90852304   0.87984746   0.68736173   0.91887953   0.79684338   0.77386990   0.56643720   0.66568754   0.50893852   0.85057914   0.85362903   0.70018551   0.85512636   0.81926198   0.82938304   0.87018527   0.49881362   0.16324080   0.51436674   0.89092687   0.89333843   0.56798889   0.63151397   0.75765522   0.84266843   0.89943871   0.67616068   0.00000000   0.70673172   0.83066372   0.78325360   0.77543630   0.86278452   0.96641055   0.80702484   0.77167064   0.00820023   0.63498999   0.90972884   0.91978803   0.69956111   0.82139502   0.86463295   0.79473891   0.81783060   0.77422275   0.62097104   0.57184433   0.91140660   0.57229610   0.84560467   0.83391661   0.84755798   0.82165349   0.49487849   0.68872345   0.86198857   0.87009921   0.67207405   0.82542457   0.27777675   0.71802530   0.78348834   0.82581677   0.52724103   0.88801695   0.90429748   0.15449897   0.79717676   0.86829421   0.73758433   0.77175655   0.81516534   0.54035990   0.85288637   0.84705562   0.83999979   0.73535423   0.84383975   0.73819327   0.72006415   0.75854351   0.78199711   0.61240001   0.72031672   0.87706697   0.84350627   0.85187696   0.82392059   0.79618715   0.85387739   0.33326470   0.45860040   0.57265028   0.78465447   0.85234374   0.82075414   0.63402726   0.83513210   0.91970341   0.77606429   0.85749706   0.00000000   0.73703669   0.79883735   0.80380701   0.82688121   0.86244593   0.93636151   0.73398546   0.78837001   0.47461465   0.75651492   0.81710306   0.90487914   0.70925761   0.84650849   0.86085597   0.80375181   0.80103535   0.81576071   0.75031744   0.77464962   0.92933274   0.75353251   0.84109938   0.82977445   0.86481874   0.87162147   0.46209450   0.68103763   0.73605680   0.87366569   0.81577004   0.85609083   0.64008187
  0.74673629   0.61283166   0.89975612   0.59070083   0.84503530   0.90807922   0.18503903   0.77528862   0.85955743   0.76582156   0.82835029   0.95242733   0.95011757   1.00000000   0.92367420   0.86116597   0.69115178   0.89836159   0.79552210   0.76394617   0.59622663   0.68216959   0.49621294   0.76757323   0.89250649   0.71889714   0.87303611   0.84676144   0.87989705   0.87563273   0.42918409   0.09581813   0.52192931   0.91199115   0.88756169   0.58814865   0.70569823   0.80633880   0.79544240   0.95865855   0.70863214   0.00000000   0.73154568   0.80638847   0.80427621   0.81307899   0.89426607   0.90715067   0.83351488   0.82264167  -0.02729474   0.64767093   0.95671732   0.92289473   0.70099958   0.84257554   0.88724930   0.81893010   0.85971505   0.81786742   0.68406916   0.58094908   0.93087742   0.57351637   0.77817290   0.86269199   0.83708155   0.85153992   0.60079022   0.77981455   0.79308242   0.88007911   0.69519209   0.86016254   0.29767774   0.61994725   0.81208667   0.86640729   0.45528718   0.83639687   0.87945830   0.19313306   0.82731698   0.88211030   0.72546310   0.79567980   0.81424479   0.41819685   0.83632289   0.87277751   0.82836883   0.72503549   0.79956244   0.70421418   0.69388859   0.78854277   0.79032686   0.59867603   0.60323121   0.89147833   0.87246331   0.86977537   0.84910082   0.83243057   0.86835786   0.24368319   0.42483637   0.57355293   0.78254263   0.83528942   0.85608083   0.66551221   0.84543697   0.88908441   0.83633497   0.88544977   0.00000000   0.73187617   0.78191454   0.81513820   0.85553593   0.90327016   0.89780529   0.76665874   0.81180748   0.40879121   0.74093150   0.84759451   0.89889736   0.76976419   0.85432985   0.88448653   0.80652582   0.82337660   0.83006781   0.77767464   0.79302845   0.92570977   0.75232681   0.79027260   0.86017880   0.87293099   0.90097161   0.55817067   0.76555088   0.66170059   0.89305821   0.84072377   0.87814080   0.65264805
  0.74848318   0.58026813   0.88653602   0.64790146   0.82991178   0.91346212   0.39225622   0.78262135   0.79043224   0.71254018   0.71660578   0.92881061   0.90852304   0.92367420   1.00000000   0.94911221   0.70248859   0.89495724   0.71010395   0.67663036   0.54974683   0.64116144   0.52121941   0.75801501   0.77951811   0.71272069   0.81745592   0.85810317   0.89224108   0.80710783   0.46119983   0.24826968   0.57233681   0.86333865   0.82887392   0.57772135   0.64158750   0.75324152   0.80759662   0.88617259   0.66180628   0.00000000   0.68283513   0.74080637   0.73198524   0.85086547   0.85194551   0.89238917   0.82521699   0.85887086   0.13526447   0.60858767   0.95715786   0.95943680   0.87723947   0.79075290   0.80034525   0.71702962   0.72789667   0.69231395   0.60943888   0.53667298   0.82851723   0.53180681   0.74922073   0.74679914   0.82502005   0.83018835   0.67266446   0.80731235   0.77519350   0.79625503   0.69010742   0.77268360   0.35478131   0.61555602   0.72575346   0.82519608   0.49189204   0.82674402   0.86028329   0.32077149   0.80833671   0.81067839   0.71835399   0.68506987   0.80457482   0.49672981   0.81990629   0.86287056   0.89758434   0.63779220   0.79345714   0.64900669   0.63106752   0.69594061   0.72423576   0.56744370   0.63237462   0.79516106   0.79657166   0.80881988   0.81123965   0.79327699   0.79129443   0.30098197   0.49574791   0.49935334   0.69651509   0.76692381   0.75111944   0.66270801   0.78226647   0.87859912   0.80168486   0.78585314   0.00000000   0.66822137   0.73121906   0.72893188   0.83258886   0.82853278   0.85867262   0.68727332   0.78366448   0.44255942   0.68519565   0.83464236   0.90792474   0.84153166   0.78637902   0.78262650   0.71017891   0.69942980   0.74206316   0.67988122   0.71061093   0.87515916   0.68700035   0.72761459   0.73267580   0.85162174   0.83536146   0.51291155   0.74337137   0.66954969   0.80660670   0.75639581   0.77359890   0.56404324
  0.77089191   0.61643751   0.88976202   0.61193781   0.87030786   0.94608766   0.41347538   0.80224768   0.83440764   0.75743079   0.74604698   0.88239926   0.87984746   0.86116597   0.94911221   1.00000000   0.77115774   0.91246035   0.76894079   0.72366137   0.59159578   0.68965969   0.57536450   0.77810442   0.77470086   0.76224818   0.85003086   0.89089691   0.89980078   0.84338592   0.52048155   0.37213947   0.57506653   0.87337304   0.84608702   0.63940039   0.63541664   0.77370856   0.77683564   0.86160554   0.68967336   0.00000000   0.71619747   0.75908639   0.77513404   0.86403511   0.87349412   0.89789637   0.84171882   0.81597173   0.18074639   0.67901032   0.87475945   0.93130011   0.88913116   0.81150493   0.81777093   0.75412192   0.73335480   0.70970298   0.61840627   0.60722084   0.74841825   0.56437578   0.78703241   0.76945171   0.82957456   0.86746214   0.55689608   0.79816472   0.84683574   0.83481208   0.74136530   0.79125687   0.36570107   0.67312151   0.74907107   0.84395462   0.49795901   0.85929609   0.90885246   0.35722180   0.82722716   0.82457991   0.78231721   0.72842151   0.79075571   0.54326394   0.81122325   0.82203765   0.95792278   0.67165795   0.80729236   0.73908820   0.71047213   0.72735484   0.78068319   0.62492510   0.68784730   0.80028242   0.78726846   0.83729477   0.82118448   0.80561324   0.82769307   0.39286427   0.53114403   0.47005859   0.68395543   0.81098787   0.73088898   0.65741776   0.77917312   0.88439039   0.79050793   0.79156415   0.00000000   0.73056818   0.77997832   0.78356736   0.83509139   0.83509280   0.87979191   0.72148503   0.77465098   0.57676200   0.76841149   0.77754703   0.89617647   0.84819287   0.79923137   0.79746448   0.76328535   0.72744420   0.78670813   0.67841450   0.76637241   0.85332195   0.71264644   0.74543002   0.74874341   0.88006098   0.84733009   0.43132768   0.72825897   0.76595673   0.82481177   0.75498021   0.78942919   0.55129996
  0.53853401   0.62767313   0.74959518   0.63801347   0.62708197   0.74258996   0.39956541   0.69113311   0.72198536   0.69525661   0.65526477   0.74593475   0.68736173   0.69115178   0.70248859   0.77115774   1.00000000   0.81247969   0.66891464   0.63869427   0.60271104   0.64569609   0.63973831   0.61564469   0.67661341   0.71507038   0.73051669   0.76536668   0.74183279   0.72420386   0.43309020   0.58324130   0.71713498   0.79800979   0.76503914   0.73127052   0.61673862   0.71068257   0.58974445   0.70237694   0.67972340   0.00000000   0.63480840   0.55782643   0.70494914   0.74944966   0.71957738   0.71485754   0.86002837   0.76152512   0.26034721   0.59913586   0.67533639   0.68403241   0.66335747   0.71734948   0.71200728   0.64311617   0.63505392   0.65166055   0.62056261   0.62620709   0.55557030   0.54169012   0.60531507   0.69505321   0.68232048   0.75256101   0.53133502   0.71986269   0.70317792   0.71817541   0.66186880   0.73284716   0.53719875   0.52406403   0.66343772   0.66504468   0.51370014   0.63835963   0.73146848   0.38296706   0.68625793   0.69576501   0.71967451   0.66824342   0.68090917   0.45570382   0.65275670   0.63276472   0.72971162   0.75538203   0.78321549   0.66256497   0.63555597   0.72567863   0.71431101   0.68987714   0.56501960   0.66146953   0.65971567   0.70770372   0.67168868   0.64601485   0.70787121   0.39981311   0.59417569   0.56427683   0.67851464   0.80034222   0.65842234   0.66721814   0.67399217   0.71466522   0.69000550   0.71805499   0.00000000   0.65238904   0.73636313   0.71702202   0.69863591   0.66208654   0.72139457   0.81149783   0.73583375   0.67393426   0.67640639   0.63381919   0.66956596   0.68189005   0.65386384   0.66833124   0.64634972   0.61987326   0.70836031   0.61818464   0.70736611   0.67573738   0.64097820   0.58114567   0.65301783   0.75839623   0.69746162   0.38847034   0.59457984   0.69474693   0.69311728   0.67363778   0.69281522   0.63914245
  0.70297512   0.59412544   0.84704555   0.63876410   0.80722851   0.93467311   0.32544676   0.79103290   0.85150622   0.77526047   0.74743697   0.91399279   0.91887953   0.89836159   0.89495724   0.91246035   0.81247969   1.00000000   0.76245604   0.71429546   0.59162408   0.67005343   0.61442032   0.73352858   0.81001594   0.76121928   0.82843393   0.83498949   0.84921504   0.83787996   0.38920952   0.38835281   0.63423033   0.89923590   0.85778304   0.65752015   0.63969626   0.79438531   0.81652496   0.90465798   0.71628376   0.00000000   0.68842881   0.73146447   0.76680649   0.82906354   0.86710999   0.93684546   0.87280346   0.85202712   0.16857075   0.66476415   0.86858296   0.90321075   0.78435809   0.83516478   0.82830779   0.75845896   0.75743069   0.73210539   0.64708350   0.59359311   0.78366435   0.52850899   0.74557131   0.78896145   0.85874578   0.85252668   0.58301718   0.75916107   0.82282814   0.85378731   0.73659153   0.82451613   0.39450388   0.60863226   0.75013487   0.79108534   0.54722584   0.80455768   0.89327379   0.26595291   0.80533527   0.84717713   0.79030473   0.73059261   0.79816983   0.58383454   0.77060236   0.77700218   0.85079137   0.76922663   0.83989505   0.69783477   0.67172239   0.76432251   0.77808690   0.65841136   0.63805730   0.81368302   0.80162800   0.80873387   0.78063323   0.75260921   0.81138655   0.27298232   0.49424168   0.58658962   0.75816410   0.88311948   0.78058633   0.64852089   0.80076132   0.90252147   0.76900628   0.83632775   0.00000000   0.71704596   0.82728623   0.78862057   0.80493218   0.82836616   0.91691545   0.77025604   0.81337475   0.59191577   0.74144930   0.77542329   0.84850269   0.74807031   0.80454622   0.80490766   0.75726079   0.73079943   0.77911141   0.68095568   0.77032594   0.84321095   0.67755081   0.73167225   0.76804065   0.88483571   0.83877939   0.45009695   0.66913334   0.73926330   0.84016524   0.76223751   0.80977618   0.63912755
  0.82184850   0.77134720   0.85095875   0.41268522   0.86618564   0.82656866   0.07015479   0.73424518   0.93100683   0.89159767   0.96986853   0.73231226   0.79684338   0.79552210   0.71010395   0.76894079   0.66891464   0.76245604   1.00000000   0.95511072   0.78375359   0.88505925   0.61297622   0.82068484   0.93706375   0.78171365   0.93834206   0.85543503   0.80960061   0.95748304   0.57151268   0.20246795   0.41965042   0.85241306   0.84026570   0.69111895   0.81071593   0.85376695   0.64378346   0.80900364   0.78042284   0.00000000   0.89314694   0.84252106   0.96173785   0.78684256   0.88827185   0.78765790   0.75228767   0.56496350   0.07643331   0.85530091   0.72177269   0.71231586   0.53357061   0.87295349   0.94984003   0.97553411   0.94808702   0.94305678   0.80277005   0.81650907   0.77260499   0.66110230   0.85275037   0.95064682   0.80388320   0.88232753   0.26190278   0.68217750   0.85119451   0.94259560   0.82563773   0.92439998   0.29662457   0.77148579   0.91610251   0.85371252   0.35577318   0.84289119   0.83937653   0.11003909   0.80952425   0.90663871   0.84601842   0.96376457   0.65640249   0.41247997   0.76038943   0.74145472   0.77985840   0.68742564   0.68863836   0.94755147   0.94778143   0.88650777   0.96517338   0.70565670   0.72464556   0.90650332   0.78564609   0.93185867   0.80906791   0.79210158   0.95633081   0.47097145   0.42959894   0.47305455   0.71042478   0.80668177   0.76763032   0.68491962   0.81896801   0.77027534   0.72427672   0.83722402   0.00000000   0.95136800   0.79017414   0.97927392   0.81403149   0.87680620   0.81611088   0.72752597   0.63344066   0.60693084   0.95200328   0.69459584   0.76396632   0.67972500   0.84497693   0.92963849   0.96749604   0.95089579   0.94078226   0.86819067   0.94568569   0.82740001   0.80380681   0.86056296   0.94256440   0.86083748   0.87110235   0.31075857   0.69301536   0.76466623   0.93143349   0.87520351   0.91131231   0.61538850
  0.80385721   0.76008804   0.84866538   0.37575658   0.83556025   0.78628140   0.10917129   0.68237415   0.88133885   0.84119033   0.96097364   0.70898117   0.77386990   0.76394617   0.67663036   0.72366137   0.63869427   0.71429546   0.95511072   1.00000000   0.74837438   0.85282888   0.57590069   0.83844277   0.89091863   0.72336524   0.92237559   0.81628444   0.78372235   0.93037890   0.65681962   0.16232232   0.43608866   0.81302440   0.80282546   0.66101005   0.75386449   0.76153615   0.59655459   0.75495028   0.73890006   0.00000000   0.87651460   0.82865619   0.92987571   0.75651936   0.84468037   0.76072567   0.69781090   0.55172884   0.06192468   0.77186219   0.69712696   0.68333608   0.49689657   0.81355802   0.91789841   0.94115406   0.91714010   0.89704879   0.72471788   0.78016785   0.74632903   0.74608811   0.86156556   0.92917994   0.78003347   0.82200750   0.25782362   0.65252766   0.84009821   0.89393675   0.73461309   0.86973376   0.31718720   0.78065512   0.88504673   0.82478460   0.44941995   0.81154622   0.81075888   0.20958554   0.80521707   0.86550132   0.80166028   0.95762956   0.68088020   0.44647549   0.77836639   0.74587596   0.75785977   0.70562141   0.72097890   0.92354588   0.94821071   0.87163311   0.93438303   0.71807193   0.78255427   0.87913409   0.78460545   0.91677228   0.80606681   0.79480233   0.93806026   0.57823500   0.47733526   0.55378759   0.74051419   0.79003856   0.78130742   0.69705917   0.79985773   0.76051329   0.71215926   0.83121986   0.00000000   0.91156761   0.76237699   0.95555714   0.81888011   0.84415533   0.77018444   0.72684285   0.66050270   0.60129530   0.91720687   0.67679941   0.75182456   0.67220207   0.80951535   0.90495768   0.93985489   0.93720109   0.90731422   0.84916247   0.90207391   0.82212232   0.85700175   0.86042611   0.92754621   0.83776989   0.84508764   0.34210420   0.71016336   0.78028904   0.89328273   0.84876540   0.88362558   0.66820016
