  1.00000000   0.21736447  -0.04305551   0.24356420   0.87190729   0.25129377   0.25648713   0.02730034   0.31133934   0.16009059  -0.17269491   0.37189930   0.41013384   0.16263437   0.38023908   0.33809161   0.17155901   0.32383148   0.05919489  -0.15051068   0.23617776   0.09862427   0.10092704   0.76317356   0.21465802   0.15840486   0.03839048   0.00337670   0.03252877   0.21290722   0.46917424   0.53224281  -0.02371760   0.13343065   0.19840885   0.06907858   0.17952205   0.28141606   0.11897428   0.19409876   0.07431150   0.00000000   0.19859659  -0.19467703   0.05430930   0.28267841   0.19565953   0.15673750  -0.08261565   0.33748621   0.24770732   0.07733907   0.42221253   0.32193049   0.33561782   0.20766712   0.25974377   0.12505011   0.11059999   0.04585081   0.22635144   0.29971361   0.55463238   0.39214234   0.38899614   0.02835770   0.28583999   0.23875690   0.45627081   0.16732531   0.56327140   0.28988865   0.31994361   0.41784756  -0.09535931   0.58809542   0.30358288  -0.06736986   0.09380261   0.41134872   0.42814267   0.33988915   0.13719854   0.29413617   0.20152757  -0.08498301   0.38105980   0.40243714   0.60186326   0.38909198   0.37370796   0.09739967   0.06106451   0.02812706  -0.20868310   0.30901836   0.09718578   0.29379718   0.66065365   0.06193300   0.02604168   0.02948571  -0.03474274  -0.08715692   0.08578417   0.42673904   0.40945150   0.06718970   0.11051483  -0.03640658   0.11356301   0.28467707   0.33367310   0.22546830   0.32964845   0.11766096   0.00000000   0.32692114   0.20620880   0.01936210   0.25621593   0.11561074   0.24476826   0.17220447   0.12469928   0.32128316   0.19273467   0.39822626   0.38250354   0.37964635   0.09676351   0.22369323   0.18698958   0.11537395   0.07586049   0.26382199   0.16938485   0.27848570   0.37499514   0.30975886  -0.02801480   0.08785786   0.25329340   0.41378588  -0.01715080   0.59405792   0.14268984   0.24365110   0.23570652   0.14267230
  0.21736447   1.00000000   0.52330448   0.61318022   0.17774104   0.24409403   0.41026212   0.52386237   0.09806103   0.20817538   0.52147027   0.37417240   0.33614841   0.36350488   0.62994118   0.54069564   0.22816049   0.31000236   0.77966740   0.53335674   0.86276093   0.80032101   0.06697835   0.32460548   0.33182587   0.51720823   0.71429324   0.57747464   0.57463825   0.47201553   0.02862324   0.22767003   0.20683362   0.41738792   0.28448612   0.48959258   0.69929648   0.36448804   0.31717157   0.21826651   0.22636105   0.00000000   0.49534954   0.21116489   0.55598816   0.55827392   0.42140880   0.10659276   0.34643776   0.45387629   0.44045937   0.68668748   0.52588348   0.44360977   0.40206801   0.39743086   0.68353341   0.77484413   0.73482173   0.56372117   0.63382832   0.58507574   0.42123947   0.20117163   0.34445411   0.36597259   0.31714543   0.60916853   0.46206833   0.67729194   0.14309907   0.03675808   0.56810697   0.51149203   0.44472645   0.34908658   0.84981354   0.48892726   0.54598892   0.32007072   0.24836383   0.49435221   0.48536290   0.14132340   0.28706359   0.55404147   0.51014132   0.33921056   0.44419933   0.54910983   0.56964555   0.24062084   0.08782212   0.59260584   0.45626836   0.89448604   0.78680838   0.24201929   0.46427902   0.14963831   0.22511353   0.64453249   0.48649568   0.41190076   0.53170194   0.21390880   0.18370567   0.41630881   0.50670971   0.43623051   0.51283385   0.74822007   0.52431231   0.31280612   0.26608504   0.32060316   0.00000000   0.75718190   0.30066117   0.56829785   0.56223758   0.45476469   0.27832202   0.49649858   0.32145713   0.40734001   0.78198513   0.48631870   0.39439250   0.46597245   0.15411015   0.50119730   0.72616146   0.59968131   0.60318452   0.76198323   0.63806118   0.40836871   0.33245225   0.38658588   0.42499381   0.33697929   0.57120913   0.47245021   0.66768826   0.18268887   0.18835900   0.58775300   0.43823745   0.55992982
 -0.04305551   0.52330448   1.00000000   0.34598736  -0.09457755   0.19194931   0.55361349   0.49522032   0.24842684   0.40962476   0.21939181   0.35395900  -0.16216312   0.29723048   0.56490218   0.60025054  -0.39785285  -0.21940827   0.24951287   0.17096923   0.22974717   0.70410522  -0.47596368  -0.17123505   0.29985256   0.22642108   0.60782271   0.81839882   0.76566692   0.25324942   0.06514128  -0.06660053  -0.24893222  -0.11398878  -0.31444482   0.13642863   0.15501215  -0.15470799  -0.14547791   0.24411112  -0.06589731   0.00000000   0.54529634   0.03828775  -0.08003279   0.71513199   0.64926657  -0.25708818   0.03757907   0.44011745  -0.04150243   0.44981895   0.40813469   0.45680341   0.39467504   0.25908656   0.44676879   0.29033761  -0.00783916  -0.02126354   0.16855255   0.07797565   0.20935216  -0.08018959  -0.16728671  -0.19367686   0.60902739   0.64599514   0.37260875   0.60466744  -0.11883712   0.06720415  -0.02550571   0.03852658   0.15948104   0.11261527   0.63635862   0.92029234   0.05639791   0.21998785   0.15177258   0.57724517   0.28581279   0.18455090  -0.04524626   0.00851433  -0.10421879  -0.05896504   0.10048180   0.49429238   0.66532503  -0.29503027  -0.44964097   0.45539627  -0.15527403   0.57561132   0.24534378  -0.34198371   0.03826194  -0.08874925  -0.25189989   0.51910332   0.73483549   0.56514016   0.29665331  -0.17019031  -0.20079351   0.01333221   0.23853476   0.31146855   0.01795152   0.48060626   0.39473880  -0.10939027  -0.14084654  -0.18921044   0.00000000   0.54966794   0.41028582  -0.00391624   0.62735534   0.46616939  -0.03572366   0.34551043  -0.10735216   0.03967582   0.53192522   0.33587463   0.40482779   0.56294811  -0.00367892   0.21478227   0.41055829  -0.10735977   0.36941489   0.39071329   0.30685686  -0.14667568  -0.19832037   0.06436821  -0.16120361   0.52316025   0.39568307   0.00695911   0.77779201  -0.17777448   0.08702313   0.41804406   0.02520140   0.27080258
  0.24356420   0.61318022   0.34598736   1.00000000   0.13739006   0.41869112   0.63026801   0.65439514   0.03297130   0.14664674   0.48832792   0.59686796   0.25810777   0.29435632   0.44746195   0.34681282   0.33475448   0.46990643   0.39456352   0.49118580   0.49201059   0.49608696   0.26830431   0.20756198   0.22252575   0.71076175   0.53654914   0.64091256   0.59750057   0.38462286  -0.11791319   0.34111541   0.48850021   0.38109196   0.26628727   0.67730276   0.51893687   0.25070430   0.19017355   0.37856955   0.55835370   0.00000000   0.30389289   0.03927564   0.40742612   0.65968400   0.49648446   0.09365765   0.36021916   0.78355158   0.30635955   0.24992670   0.55387098   0.28371816   0.04576720   0.25344559   0.60796396   0.32407073   0.45732718   0.41848476   0.37006318   0.34432683   0.53671420   0.14030841   0.30268844   0.49401023   0.20642643   0.61213635   0.58873886   0.51493219   0.14931800   0.01356947   0.37364197   0.35786467   0.60138732   0.33591330   0.47073649   0.36338306   0.63650465   0.11383349   0.22256215   0.48659634   0.70867513   0.10206484   0.27861297   0.31333795   0.73088320   0.18183915   0.50812343   0.49813159   0.22583428   0.48799339   0.38118531   0.19261737   0.23715643   0.53963227   0.58664697   0.16644484   0.31765261   0.14468310   0.51097624   0.52504307   0.54998145   0.49482602   0.57210688  -0.00469049   0.24172334   0.33658328   0.23364790   0.16550693   0.56067061   0.56043863   0.17445942   0.29069624   0.40384669   0.52599072   0.00000000   0.40498697   0.00729724   0.39260871   0.68462276   0.58983051   0.12357648   0.29901983   0.67586471   0.19630630   0.44936508   0.54813461   0.32346247   0.14677164   0.32546567   0.52064076   0.32089491   0.28965636   0.25993031   0.52367104   0.36838068   0.50296296   0.19663921   0.35948302   0.51095080   0.24657388   0.63750038   0.67551115   0.31529546   0.05865394   0.30236419   0.38905586   0.16646161   0.46313756
  0.87190729   0.17774104  -0.09457755   0.13739006   1.00000000   0.37009915   0.22368849   0.06433760   0.46761145   0.29527836  -0.19600618   0.21225204   0.51013750   0.14706877   0.43307580   0.47028584   0.20976454   0.21689435   0.01184474  -0.20767772   0.18144251   0.01828136   0.25989935   0.78521740   0.35502416   0.02727528   0.00590839   0.00562147   0.04114936   0.28561204   0.57958717   0.55176883   0.04461894   0.15641529   0.27747569   0.05132559   0.18993707   0.28016007   0.24608898  -0.09639852   0.05067422   0.00000000   0.09199231  -0.04501224   0.08854669   0.23519198   0.13443472   0.19529941   0.08339602   0.11943708   0.38327938   0.02263705   0.41672523   0.32673968   0.39622035   0.09315007   0.15353468   0.08516805   0.07985711  -0.03022928   0.17590068   0.24819868   0.46293418   0.46096581   0.51230058   0.05364700   0.25576600   0.07201356   0.33416566   0.06097397   0.70010531   0.44940738   0.32856173   0.43723559  -0.00882541   0.51455878   0.23126367  -0.07766016   0.06069185   0.48383185   0.49964213   0.32165594   0.14378726   0.35562897   0.29746997  -0.09674703   0.23505080   0.39572734   0.43662659   0.27641907   0.38727503   0.08684456   0.06586755  -0.07844854  -0.19829776   0.22543701   0.05853977   0.36235842   0.63289376   0.11854902  -0.08649511  -0.01577551  -0.06068462   0.03418105   0.00135335   0.47998011   0.52032644   0.09605096   0.12659224  -0.03304371   0.06863092   0.18207037   0.27121321   0.13882901   0.13102603   0.05431906   0.00000000   0.23707648   0.29260107   0.02021345   0.22015827   0.10916218   0.17008413   0.12666446  -0.01264863   0.37776435   0.12521004   0.33726649   0.29492352   0.36306504  -0.00796696   0.10661043   0.07878783   0.05887561   0.01952010   0.17340659   0.12372689   0.22306855   0.38426329   0.26575189  -0.07761030   0.04611175   0.11961571   0.35465517  -0.06688810   0.64591082   0.12898052   0.17302889   0.23129697   0.13678360
  0.25129377   0.24409403   0.19194931   0.41869112   0.37009915   1.00000000   0.54907732   0.45275286   0.68553441   0.42221257   0.37459214   0.50069538   0.43163337   0.34878033   0.46279478   0.47231864  -0.07550239  -0.01298830   0.08903884   0.38889712   0.08982418   0.27316028   0.39171887   0.26638812   0.69546702   0.40883221   0.46448691   0.47895670   0.38346780   0.66947080   0.15457482   0.33536554   0.30635680   0.13073589  -0.11480693   0.41306078   0.07958838   0.07313599   0.15473325   0.07753394   0.48317574   0.00000000   0.33392273  -0.05044327   0.14761680   0.41148366   0.55636789   0.16464144  -0.04401309   0.32953186   0.06311732  -0.22013494   0.49710959   0.44646015   0.02368766   0.31459165   0.48688498  -0.06829305   0.08472854  -0.22266871  -0.17834765   0.04120281   0.55637449   0.13556893   0.37633839   0.32494040   0.28158192   0.34460621   0.47398816   0.07359421   0.55242117   0.67343004   0.05388344   0.33677098   0.28507636   0.48766823   0.10447233   0.14702611   0.04381941   0.44625019   0.62749601   0.41155039   0.57626701   0.59311694   0.36411083  -0.09636553   0.25828508   0.12338850   0.36540830   0.49817466   0.32202722   0.17078826   0.26668638  -0.18012251  -0.10954690   0.23710169   0.20444477   0.11666843   0.34262201   0.45925131   0.23740449   0.49127770   0.46899744   0.47085072   0.49179482  -0.07472934   0.18403284  -0.12038454  -0.06256158  -0.27890820   0.18689692   0.22878022  -0.02212571   0.10503313   0.41535651   0.27143763   0.00000000   0.24773822   0.09899807  -0.08360114   0.59910680   0.61294266  -0.04099893  -0.18414814   0.35380417   0.09629885   0.02254588   0.58876234   0.49024891   0.23935478   0.49762883   0.50957555  -0.11707115  -0.09689360  -0.23313455   0.09342166   0.05061657   0.36392070   0.02588272   0.33921913   0.10693657   0.08916054   0.49403131   0.58067733   0.11963830   0.14309984   0.59420325   0.10116720   0.19394434  -0.01247370
  0.25648713   0.41026212   0.55361349   0.63026801   0.22368849   0.54907732   1.00000000   0.62454028   0.31936376   0.47939895   0.38335851   0.70818434   0.02226896   0.21565578   0.57002607   0.49181250  -0.22426617   0.04161407   0.14320429   0.36133724   0.21272880   0.50599685  -0.00956433   0.12262302   0.36923858   0.51550344   0.58119625   0.71756558   0.70454597   0.35531653   0.03686255   0.21063866   0.07929536  -0.10495543  -0.14816913   0.36766433   0.16660002  -0.18977829  -0.17708655   0.27309461   0.23241099   0.00000000   0.40329852   0.01418856   0.08617899   0.74199061   0.81612170  -0.09978163   0.01863521   0.57828106   0.12699151   0.08537856   0.63630607   0.50829107   0.14050578   0.28273041   0.64308997   0.11229031   0.08506674  -0.09701678   0.10379229   0.26480979   0.50060190   0.16019912   0.13736744   0.17895459   0.51260296   0.68942598   0.71546837   0.48188712   0.16124114   0.24311398   0.03922921   0.12837065   0.19058805   0.33415084   0.46048269   0.55692449   0.03089246   0.29413086   0.40614974   0.77432185   0.56795135   0.28461331   0.21760691  -0.16590226   0.24441804   0.00681943   0.33568203   0.49741641   0.41720040  -0.08745507  -0.07875209   0.05300405  -0.23447817   0.46292164   0.32079709  -0.04693429   0.24508971  -0.05630695   0.05952385   0.58737609   0.64882209   0.67127377   0.45745137  -0.29121636   0.07458722  -0.20169397  -0.13071383  -0.13157687   0.02354180   0.41211197   0.03590494  -0.04067169   0.20523271   0.04385941   0.00000000   0.36704318   0.25538087   0.02476733   0.74213366   0.71764039  -0.06324726   0.05134847   0.26230057   0.13890971   0.39290660   0.53620209   0.45341268   0.35614174   0.28036268   0.50856259   0.13438049  -0.03683392  -0.06195342   0.36768843   0.40084453   0.17409146  -0.16632455   0.16149305   0.09931749   0.30017701   0.61176869   0.52749279   0.50881255  -0.05996683   0.32579510   0.27954375  -0.13626704   0.02844778
  0.02730034   0.52386237   0.49522032   0.65439514   0.06433760   0.45275286   0.62454028   1.00000000   0.23675493   0.13872265   0.47680867   0.40236207   0.15859149   0.29400978   0.60708241   0.54755808   0.16748053   0.19250218   0.33495365   0.42574934   0.37407376   0.52808055   0.17683144   0.09735003   0.34018238   0.67099459   0.68343614   0.69571797   0.63454803   0.44938440  -0.11495514   0.23118334   0.32251049   0.34242078   0.18222316   0.64930422   0.40087215   0.25091028   0.15953490   0.11143638   0.36626483   0.00000000   0.30729226   0.21733267   0.38507351   0.63394170   0.61933631   0.14758408   0.41709303   0.45355425   0.29351828   0.30824023   0.46052976   0.51923396   0.11164818   0.48544358   0.54974560   0.35735792   0.35830626   0.24543906   0.17883881   0.19241211   0.25043347   0.17610652   0.22186974   0.32273637   0.37486818   0.52231524   0.40508463   0.54376044   0.01957643   0.15008901   0.29344183   0.42272781   0.57604714   0.44930099   0.45725604   0.51351298   0.46187679   0.36624776   0.45804681   0.55644412   0.66186486   0.39737453   0.13624704   0.33543462   0.40826312   0.21373490   0.28817255   0.56034143   0.46129478   0.21744664   0.13351624   0.26110937   0.24033518   0.48274787   0.49669009  -0.01997223   0.33495886   0.27023813   0.33909285   0.64335615   0.60611417   0.63536616   0.64628331  -0.05854464   0.20283647   0.28032832   0.33980804   0.25079181   0.43199551   0.50879316   0.27283055   0.17873910   0.30709390   0.35932155   0.00000000   0.45750693   0.16905920   0.36725709   0.61436706   0.68473254   0.17264926   0.31740382   0.36950749   0.13498476   0.43000404   0.45415625   0.53438907   0.29936961   0.37879991   0.44481920   0.34507041   0.20669245   0.24829883   0.42133669   0.29709061   0.44702728   0.17286265   0.24575439   0.43610731   0.43335445   0.49240563   0.44314530   0.53555504   0.02529224   0.39298994   0.42903909   0.32727172   0.43308812
  0.31133934   0.09806103   0.24842684   0.03297130   0.46761145   0.68553441   0.31936376   0.23675493   1.00000000   0.54633856   0.15778599   0.26631235   0.34883356   0.29929220   0.43072770   0.55790194  -0.16959822  -0.12895246  -0.01912432   0.06133378  -0.06255142   0.21339886   0.11195498   0.32999731   0.74389249   0.02443783   0.26629984   0.34109982   0.27613761   0.69919306   0.44221662   0.34388180  -0.02027853   0.06645236  -0.18213594   0.06898161  -0.06039637   0.13236602   0.13401023  -0.01623394   0.16339128   0.00000000   0.41865950  -0.02083688   0.00864383   0.34133161   0.43460970   0.13088285  -0.14516038   0.13855974  -0.04270124  -0.14849042   0.33106990   0.42453769   0.32787398   0.23841656   0.26596184  -0.12023834  -0.13626073  -0.38815545  -0.23028691  -0.10920567   0.36168110   0.19420547   0.26902771   0.10490734   0.48736450   0.21667174   0.29510423   0.03234332   0.53863187   0.87089876  -0.00607727   0.37817875   0.00595426   0.43396735   0.10240500   0.18803642  -0.10629874   0.54339910   0.67210700   0.33016677   0.25772072   0.79189034   0.39060013  -0.13222351  -0.05237759   0.23490762   0.28966379   0.46625707   0.53546376  -0.06843938  -0.02684255  -0.04002524  -0.24469140   0.18066025   0.00303097   0.11870864   0.37622037   0.49426002  -0.15017113   0.23059213   0.31480666   0.28324401   0.31616157   0.13781490   0.10284353  -0.09702509   0.08287019  -0.09981030  -0.02671165   0.13654844   0.19400397   0.08927072   0.14712598  -0.01863083   0.00000000   0.31982114   0.34487601  -0.18007776   0.43929582   0.37522711   0.02258829  -0.02517215   0.00156259   0.01520866  -0.00963345   0.45295457   0.47223987   0.54030022   0.22967679   0.22767480  -0.05676144  -0.24674363  -0.12418534   0.01880776  -0.08637957   0.09718391   0.09437477   0.26279905  -0.13361921   0.25881234   0.21222289   0.22638697   0.12947876   0.35470391   0.59522744   0.08707833   0.32355423   0.02461476
  0.16009059   0.20817538   0.40962476   0.14664674   0.29527836   0.42221257   0.47939895   0.13872265   0.54633856   1.00000000   0.14395722   0.33670940   0.08609330   0.25828126   0.35251738   0.61950043  -0.25203667  -0.12804760   0.10709308  -0.02520113   0.15168505   0.45454891  -0.10194967   0.15958210   0.43702952  -0.15400082   0.19997474   0.35337339   0.52967465   0.37845562   0.35116235   0.26196561  -0.31883997  -0.27096807  -0.20672875  -0.18375405   0.03428128  -0.22757899   0.05392102   0.12638490  -0.14098644   0.00000000   0.31808073   0.14057642   0.17025059   0.54218602   0.47861630  -0.03706606  -0.05154892   0.26788251   0.15630415   0.16119655   0.41065039   0.30622369   0.55073925  -0.04558675   0.24109420   0.04850279  -0.10579806  -0.27836615   0.15956367   0.24339586   0.29252922   0.07512142   0.08725327   0.02329979   0.63987455   0.31002780   0.42078284   0.26154567   0.36884956   0.46931265  -0.04564177   0.00772141  -0.08610495  -0.10627845   0.28038579   0.38617388  -0.22314224   0.21957929   0.34790998   0.49039804   0.16850858   0.22351806   0.56036676  -0.17681444  -0.23447319   0.00762439   0.06432091   0.14477365   0.45905407  -0.28864680  -0.37873566   0.14841212  -0.29943847   0.36651367   0.20052902   0.14797208   0.06248506  -0.14873783  -0.51077183   0.08767249   0.24597869   0.31047510  -0.03630315  -0.02812484   0.10183145  -0.21187749  -0.07415335   0.05064986  -0.32530580   0.13109963   0.13047533  -0.07614029  -0.22803331  -0.37521667   0.00000000   0.25678825   0.46001901   0.03982986   0.36594678   0.21643302  -0.02227808   0.08967149  -0.22638730   0.04605412   0.25734318   0.31927446   0.05617261   0.51715972  -0.26120505  -0.03058674   0.04455510  -0.17303208   0.05115880   0.19966762   0.34588916  -0.32235036  -0.07095809   0.05604410  -0.24529460   0.41692936   0.09067444   0.05146909   0.24674141  -0.00611992   0.12846343   0.11313806  -0.14496059  -0.03605421
 -0.17269491   0.52147027   0.21939181   0.48832792  -0.19600618   0.37459214   0.38335851   0.47680867   0.15778599   0.14395722   1.00000000   0.41842611   0.18616866   0.16693012   0.33629780   0.15270836   0.13249520   0.14262907   0.48386619   0.82747892   0.52053545   0.54877707   0.28475861   0.03540813   0.33312492   0.55806825   0.61518820   0.46253037   0.41268279   0.51915206  -0.22158516   0.00253316   0.43894338   0.33758453   0.12668407   0.51850564   0.34772909   0.23264518   0.08248636   0.24902613   0.48955134   0.00000000   0.29895424   0.11589030   0.65745602   0.31670203   0.42105378   0.03185158   0.13627838   0.33466327   0.10012996   0.14784018   0.33416141   0.31172319  -0.05909134   0.32486277   0.60224510   0.26634862   0.57575576   0.32123203   0.24788936   0.42093603   0.32340270   0.04139137   0.26008652   0.73954228  -0.00096176   0.46786536   0.41028517   0.35964603   0.02557066   0.17181264   0.29354119   0.35000441   0.36971265   0.24254103   0.32389435   0.23216907   0.34162881   0.14673541   0.20443122   0.27516297   0.56250208   0.13977953   0.34406440   0.54986380   0.45116566   0.12193974   0.24771787   0.38020627   0.08461365   0.32805951   0.37985898   0.22807651   0.53045453   0.49148534   0.69228268   0.19548576   0.20665525   0.29463341   0.48359883   0.63743492   0.45996649   0.42172077   0.66160624  -0.08531192  -0.00513804   0.12769239   0.10755958  -0.01590038   0.43611670   0.41880381  -0.01043194   0.23000669   0.42208845   0.43383538   0.00000000   0.36487046  -0.04095324   0.50665586   0.50951120   0.55156320  -0.03542500   0.00572726   0.53856904   0.07985344   0.34102496   0.38810505   0.28292095   0.07124247   0.43257617   0.60596607   0.28934734   0.44183918   0.18284090   0.44491157   0.40591439   0.44858969   0.08790679   0.35957037   0.66303551   0.04371671   0.59394897   0.54028025   0.36512236  -0.08502290   0.40080592   0.20584613   0.21076703   0.21216301
  0.37189930   0.37417240   0.35395900   0.59686796   0.21225204   0.50069538   0.70818434   0.40236207   0.26631235   0.33670940   0.41842611   1.00000000   0.19217893   0.57107295   0.40674052   0.34154552  -0.17760956   0.10402748   0.23982120   0.51021428   0.24338609   0.43897873   0.01091590   0.15796126   0.35586969   0.53332973   0.42916142   0.51462450   0.53519112   0.33018863   0.06696670   0.15342594   0.09344017   0.04050568  -0.23381276   0.43157815   0.04147881   0.03836208  -0.11852328   0.63425794   0.38814860   0.00000000   0.58625610  -0.22356367   0.15096804   0.61761614   0.65987977  -0.18157876  -0.24378650   0.67478910  -0.13937401  -0.00482521   0.73802876   0.40708294   0.01607467   0.32433210   0.65206318   0.08372582   0.13872349  -0.07125728   0.06299080   0.27959366   0.72991900  -0.11509514   0.08003615   0.20377791   0.30129880   0.65768168   0.83508618   0.40709209   0.19476993   0.28052134   0.04356022   0.26900344   0.02274487   0.33558994   0.33893452   0.26849667  -0.01862642   0.17928354   0.23501275   0.56287864   0.54905038   0.12729324   0.20095270  -0.09002547   0.39178381   0.08395592   0.56197292   0.49604868   0.25696644   0.05300882   0.09559088   0.11584268  -0.09740535   0.40465336   0.30237040  -0.03087372   0.22096118   0.00248656   0.22136171   0.47601978   0.51861564   0.39900354   0.36074587  -0.27843995  -0.14928590  -0.24580087  -0.20784443  -0.27612902   0.11445074   0.30476915  -0.09216384   0.16262930   0.50176363   0.17698265   0.00000000   0.45280812  -0.02707980   0.00882019   0.75464019   0.66581549  -0.17724524  -0.12995903   0.41449832  -0.08763380   0.22129753   0.64239191   0.34469467   0.18757961   0.38734748   0.56460290   0.13894295   0.00647194  -0.09500235   0.27768206   0.23922376   0.33013978  -0.16081186   0.24024744   0.09393465   0.04895183   0.67368394   0.60493332   0.26680634  -0.09094036   0.27832551   0.02789075  -0.09129896  -0.02761602
  0.41013384   0.33614841  -0.16216312   0.25810777   0.51013750   0.43163337   0.02226896   0.15859149   0.34883356   0.08609330   0.18616866   0.19217893   1.00000000   0.51859145   0.39289687   0.31282209   0.48469030   0.39515295   0.22384400   0.19134511   0.31571947   0.06986166   0.55621308   0.72700897   0.44511899   0.22306262   0.11624367   0.06103705   0.01141965   0.38454962   0.24638005   0.55793240   0.42788512   0.63811795   0.49251523   0.45777581   0.43512864   0.69786779   0.76861117  -0.06217096   0.43928426   0.00000000   0.11800503   0.22241357   0.39084062   0.14708653  -0.02822755   0.43139749   0.33859794   0.11173021   0.44538326   0.08087531   0.42494881   0.10602763   0.17094911   0.24625678   0.17944170   0.20862644   0.36390975   0.15143065   0.19426828   0.17032885   0.56731431   0.36310779   0.68734344   0.31913117  -0.02785553  -0.04264116   0.14388315   0.05241558   0.60960513   0.33774949   0.57414069   0.69020887   0.38703587   0.40940588   0.11960295  -0.11564305   0.35649711   0.30841324   0.38876739   0.11880000   0.34805453   0.30330071   0.30536827   0.28142369   0.40965548   0.57435670   0.57401992   0.32485159   0.20426125   0.46566711   0.44185491  -0.02466081   0.25218985   0.21965242   0.23357527   0.50567418   0.64171137   0.46849934   0.23881946   0.10245505   0.00091827   0.08075297   0.18011717   0.43760724   0.42167372   0.40740496   0.35953932   0.11698483   0.46424347   0.29022284   0.27843246   0.53991459   0.31188708   0.42544341   0.00000000   0.23545295   0.16395024   0.21614551   0.20736780   0.12596549   0.25189872   0.20350531   0.21931141   0.43915965   0.03321186   0.48969752   0.17404391   0.14292011   0.16633829   0.20928605   0.11163366   0.26430218   0.06910810   0.28276041   0.09862844   0.54684580   0.57722591   0.54684058   0.26127211  -0.00691945   0.10952486   0.35358314  -0.05848002   0.47949012   0.28182706   0.21671192   0.53656842   0.37869939
  0.16263437   0.36350488   0.29723048   0.29435632   0.14706877   0.34878033   0.21565578   0.29400978   0.29929220   0.25828126   0.16693012   0.57107295   0.51859145   1.00000000   0.38957131   0.44127520   0.03915229   0.00378638   0.32510305   0.32258263   0.18317704   0.31394430   0.07722088   0.15258084   0.50478559   0.30542619   0.33647222   0.35256889   0.36213913   0.36184774   0.21568752   0.17967063   0.05149614   0.35526642  -0.09798873   0.41131398   0.14638664   0.44846025   0.41185484   0.39797412   0.27040563   0.00000000   0.56346289   0.01262379   0.17056645   0.40676504   0.26502947  -0.03310835   0.03341917   0.32728119  -0.04542513   0.10623034   0.62632651   0.27226313   0.15576423   0.42241052   0.34309934   0.20784607   0.09885468  -0.05652282   0.01184670   0.01674536   0.53976744  -0.17887979   0.09093158   0.00472039   0.16275467   0.29054657   0.37378087   0.24438389   0.19115210   0.33565595   0.20883561   0.52628992   0.17673389   0.16401951   0.27727306   0.17065149   0.07066461   0.14934644   0.19587671   0.24849770   0.37931850   0.20984003   0.14097866   0.01871738   0.13971887   0.30105571   0.47215760   0.39023337   0.37125391   0.10940848   0.07872395   0.25939464   0.06284285   0.32926104   0.19331110   0.00676426   0.22585436   0.26407173   0.04771295   0.26291656   0.34470793   0.26061281   0.15682258  -0.04665091  -0.11823444   0.04136704   0.11932717   0.02951887   0.16067818   0.23652147   0.13942261   0.35642294   0.32257269   0.11697252   0.00000000   0.49202565   0.11296996   0.01334942   0.47130171   0.33859939  -0.06924254   0.04948414   0.07648778  -0.02665565   0.17056703   0.56918078   0.19295115   0.22630800   0.19759459   0.20674410   0.20528423  -0.03534109   0.05182850   0.22159598   0.05196733   0.29927572   0.07659677   0.24338338  -0.06310342   0.15840115   0.25574899   0.23966233   0.15470814   0.06308392   0.20650347   0.04060831   0.26898599   0.18145683
  0.38023908   0.62994118   0.56490218   0.44746195   0.43307580   0.46279478   0.57002607   0.60708241   0.43072770   0.35251738   0.33629780   0.40674052   0.39289687   0.38957131   1.00000000   0.77281402   0.01236154   0.11099437   0.33305810   0.22955136   0.45410191   0.64552358   0.08584516   0.44827899   0.58472011   0.47479001   0.67218812   0.60434688   0.68096038   0.52983620   0.08513584   0.26929462   0.07246695   0.29994414   0.16904116   0.46853476   0.54353083   0.36084547   0.25055820  -0.01497497   0.15028502   0.00000000   0.45295624   0.33296193   0.32379355   0.66149813   0.58839062   0.15258920   0.31773592   0.34780570   0.47372784   0.43084915   0.75896605   0.75972510   0.53236106   0.50294077   0.59617346   0.44147266   0.29843665   0.11094454   0.35170103   0.32743855   0.52108232   0.40597561   0.37832805   0.08788807   0.52498170   0.50168743   0.56298684   0.64600346   0.24780556   0.36324124   0.53116193   0.58464492   0.35644405   0.59698303   0.60450993   0.55059735   0.22646672   0.50162080   0.52903583   0.69249531   0.38529575   0.46191523   0.10759297   0.24442866   0.22745120   0.30867509   0.40424003   0.68131169   0.69528470  -0.04116246  -0.10968109   0.29962653   0.05750254   0.63426579   0.46576592   0.10680070   0.57989014   0.22511226  -0.01795759   0.56293616   0.46815527   0.59205353   0.43336265   0.14487634   0.27487857   0.18381519   0.41877823   0.27789581   0.29458342   0.62709228   0.55810688   0.20692804   0.17377441   0.05517375   0.00000000   0.59356207   0.47615367   0.29047206   0.56905789   0.53059286   0.25564676   0.35375281   0.01086341   0.41268771   0.55508219   0.61969832   0.64544136   0.65473314   0.16600205   0.39079073   0.38771482   0.21058322   0.29507357   0.50880653   0.42297692   0.30480589   0.30329342   0.37529697   0.14404571   0.42925123   0.37710693   0.36983518   0.59802443   0.17415800   0.29140077   0.59007755   0.40584465   0.37662554
  0.33809161   0.54069564   0.60025054   0.34681282   0.47028584   0.47231864   0.49181250   0.54755808   0.55790194   0.61950043   0.15270836   0.34154552   0.31282209   0.44127520   0.77281402   1.00000000  -0.00426072   0.08803069   0.31805426   0.02360769   0.39594471   0.63371790  -0.09709916   0.37977177   0.52270097   0.13842244   0.45737147   0.53581163   0.69505175   0.49991307   0.36867259   0.32280392  -0.13754105   0.19257086   0.08131327   0.23098852   0.33849565   0.23918215   0.30745732   0.00396310   0.01416847   0.00000000   0.46061453   0.31196909   0.27628660   0.69897942   0.48316358   0.16619890   0.26194581   0.37083634   0.38806990   0.49057644   0.56603816   0.67957215   0.74976987   0.31454311   0.35385866   0.44313467   0.15023520   0.04140686   0.29999983   0.28782445   0.29318566   0.31709469   0.26056441  -0.00499088   0.68502896   0.39390539   0.43776116   0.59485288   0.42150093   0.46762855   0.28360837   0.49293049   0.24895214   0.30664197   0.60832877   0.56084785   0.16176776   0.46031634   0.52646032   0.67436453   0.31326090   0.44774114   0.28652312   0.17328971   0.05278628   0.31308853   0.27004505   0.44669239   0.84779150  -0.13192656  -0.32243828   0.40754700  -0.04287728   0.60236501   0.38101573   0.08006547   0.42184547   0.07268954  -0.30772254   0.30037864   0.35051562   0.45243594   0.19814156   0.20456883   0.31964472   0.20388011   0.43192785   0.40394591   0.11892223   0.40765587   0.53802301   0.09066376  -0.00443118  -0.11134183   0.00000000   0.58184721   0.62791347   0.27116287   0.47994057   0.34963061   0.24246543   0.46028760  -0.13079951   0.27126038   0.52521714   0.41502402   0.42115706   0.73662769  -0.15839813   0.06341713   0.41978952   0.06130401   0.41094218   0.38350112   0.35477369   0.00979696   0.25544347   0.21946526  -0.05081215   0.59051087   0.17246983   0.15670501   0.55893911   0.22007057   0.15775051   0.41672281   0.34828726   0.41366442
  0.17155901   0.22816049  -0.39785285   0.33475448   0.20976454  -0.07550239  -0.22426617   0.16748053  -0.16959822  -0.25203667   0.13249520  -0.17760956   0.48469030   0.03915229   0.01236154  -0.00426072   1.00000000   0.74509846   0.29606043   0.08341376   0.38859616  -0.11416533   0.51996836   0.44195448  -0.13057664   0.14957920  -0.09960486  -0.15368422  -0.12872277   0.09197890  -0.00218325   0.53315906   0.61544782   0.75030676   0.81710629   0.39079462   0.53890392   0.68548957   0.63190381  -0.12080743   0.36599123   0.00000000  -0.26747393   0.28688304   0.53153501  -0.08018448  -0.36942508   0.53572830   0.68789353   0.11502912   0.53988105   0.22166439  -0.04261577  -0.20566054   0.05488375  -0.03341447  -0.07492762   0.34622691   0.55521006   0.62913882   0.45401251   0.22329065   0.05689121   0.35456980   0.48136638   0.50560567  -0.28138628  -0.21934415  -0.14796222   0.05842245   0.26789047  -0.15321213   0.55808644   0.46407473   0.60950980   0.10902779   0.07730182  -0.24985794   0.75693808  -0.06977206   0.07541538  -0.14125848   0.23152173  -0.04271428   0.32223136   0.61147632   0.62811950   0.52564588   0.34245897  -0.02038749  -0.10377801   0.78378842   0.62248718   0.14358494   0.61633247   0.12446978   0.34589290   0.56499200   0.35530631   0.28602930   0.44826750  -0.13589616  -0.24339221  -0.13653447   0.16065376   0.56531237   0.57060408   0.78765657   0.55816668   0.45435756   0.65683009   0.19802028   0.22470844   0.60165930   0.24265024   0.63989324   0.00000000   0.03844839  -0.04832011   0.56970246  -0.13817938  -0.16781530   0.45446552   0.50061977   0.45272495   0.35633592   0.13054762   0.05468246  -0.13857049  -0.14100595  -0.06403367  -0.01163651   0.29084404   0.53828408   0.38984374   0.32857005   0.10989685   0.50163640   0.71732983   0.34017010   0.64046611   0.06848004  -0.08906118   0.21989710  -0.17655514   0.41888032   0.08472656   0.19865506   0.51395845   0.63516960
  0.32383148   0.31000236  -0.21940827   0.46990643   0.21689435  -0.01298830   0.04161407   0.19250218  -0.12895246  -0.12804760   0.14262907   0.10402748   0.39515295   0.00378638   0.11099437   0.08803069   0.74509846   1.00000000   0.26596255   0.05186499   0.44278088   0.11550999   0.19309126   0.50040733  -0.19835508   0.24026741  -0.09736270  -0.10121379   0.02416806   0.02688832  -0.08614080   0.50862613   0.35109813   0.55220047   0.60710600   0.35676256   0.48062358   0.52475214   0.48494367   0.16525485   0.31307040   0.00000000  -0.07551110   0.18993302   0.46219125   0.20018942  -0.09819323   0.64289298   0.38731253   0.47868213   0.41979228   0.34743273   0.10365353  -0.01396656   0.20201400   0.07655282   0.04161012   0.41125539   0.48000560   0.53235035   0.52428745   0.32455314   0.21596352   0.35036522   0.41591920   0.32563009   0.08844169   0.05241775   0.12319966   0.29173687   0.23217042  -0.18794703   0.49292721   0.38647957   0.41894142   0.14176923   0.22868499  -0.14297289   0.61960134  -0.10190501   0.18505027   0.11989949   0.20473875  -0.04561205   0.19995997   0.51915692   0.66376302   0.44787913   0.43791315   0.08089237   0.02737445   0.55706927   0.38379086   0.22116954   0.40425173   0.25945376   0.35527620   0.44149551   0.37730180   0.05414894   0.34971535  -0.13514557  -0.24431451  -0.18600228   0.14745411   0.41331681   0.50467439   0.59350702   0.46055420   0.44608127   0.55868857   0.25811803   0.30576937   0.57276986   0.32635678   0.55400927   0.00000000   0.14310358   0.04205359   0.52872440  -0.02069398  -0.11130278   0.53862070   0.53093943   0.51368431   0.31083040   0.22879821   0.08905211  -0.01573208   0.03371121  -0.08894203   0.02510132   0.33796437   0.51391035   0.43611869   0.39077625   0.21592733   0.41983199   0.60741150   0.38124897   0.52669741   0.25272674   0.03253901   0.25012582  -0.00490788   0.25705192   0.04267101   0.27316676   0.38248720   0.54133633
  0.05919489   0.77966740   0.24951287   0.39456352   0.01184474   0.08903884   0.14320429   0.33495365  -0.01912432   0.10709308   0.48386619   0.23982120   0.22384400   0.32510305   0.33305810   0.31805426   0.29606043   0.26596255   1.00000000   0.61862522   0.82515051   0.61678047   0.10929196   0.14561875   0.26790120   0.40022867   0.59870684   0.28806496   0.33620519   0.42945898  -0.00371404   0.15257308   0.19006906   0.38859329   0.19751865   0.31575086   0.58849533   0.36640317   0.28541680   0.30496148   0.17832747   0.00000000   0.45275324   0.10746662   0.60890278   0.26546609   0.23722424   0.10457563   0.21854195   0.28673341   0.23599640   0.52685280   0.32807948   0.27759800   0.30847313   0.30468666   0.62371621   0.80060016   0.81927727   0.64050294   0.61533534   0.56285317   0.29422323  -0.02932909   0.17632400   0.40650710   0.08280050   0.48472253   0.35071794   0.46279460  -0.00985881  -0.00791581   0.50622761   0.39564723   0.35532377   0.13021267   0.68931365   0.16026958   0.48100669   0.16754063   0.12151632   0.22905636   0.38780608  -0.02292900   0.28627575   0.59350167   0.43702630   0.17958568   0.28103110   0.31468624   0.35216551   0.34274980   0.19305350   0.75106425   0.70403305   0.78762737   0.79173439   0.23229889   0.22352873   0.17425706   0.30215910   0.53746757   0.27537408   0.13439032   0.45858906   0.10754428   0.03184397   0.39646803   0.36053523   0.37656716   0.41914760   0.58284693   0.30836277   0.27285706   0.28741463   0.33304903   0.00000000   0.72150995   0.07428950   0.60455686   0.32236307   0.32288990   0.26445172   0.36103190   0.33136543   0.12793548   0.71852482   0.34960671   0.13270869   0.26706698   0.11921152   0.45914488   0.77051035   0.74783143   0.54350492   0.73821277   0.62126307   0.30184196   0.32822367   0.30218031   0.48395430   0.24881594   0.48328049   0.38203653   0.44517714   0.07636022   0.15267693   0.40559607   0.39655637   0.47006597
 -0.15051068   0.53335674   0.17096923   0.49118580  -0.20767772   0.38889712   0.36133724   0.42574934   0.06133378  -0.02520113   0.82747892   0.51021428   0.19134511   0.32258263   0.22955136   0.02360769   0.08341376   0.05186499   0.61862522   1.00000000   0.51256819   0.39921896   0.34277360  -0.05810595   0.37184322   0.66324762   0.65610428   0.47469416   0.34493996   0.44162432  -0.18575708  -0.03333623   0.52696216   0.33232884   0.02140593   0.60143964   0.26779303   0.18055846   0.00757088   0.30503207   0.55187622   0.00000000   0.35338112  -0.01610256   0.47905582   0.22047248   0.38690001  -0.09971259   0.02501898   0.28028973  -0.07014978   0.02762476   0.38343520   0.18929795  -0.28512244   0.36738418   0.71005213   0.32454046   0.62660698   0.30534716   0.16719639   0.34138897   0.44397873  -0.17515697   0.17742658   0.62412138  -0.17830074   0.50366938   0.44593677   0.20514285  -0.03308264   0.14206865   0.21891126   0.31368117   0.38975046   0.25108189   0.30681809   0.13360495   0.28963730   0.13094030   0.09653255   0.19926913   0.66998144   0.06758044   0.18163384   0.37615406   0.49175497   0.05843628   0.30842606   0.33661543  -0.00361304   0.41055652   0.49418002   0.22579838   0.57035502   0.46457052   0.58545529   0.12968576   0.12895166   0.30686802   0.61343409   0.73922177   0.54753202   0.42728019   0.63284207  -0.26633679  -0.20157971   0.03719614  -0.06962532  -0.19014129   0.41081424   0.36489849  -0.21758877   0.20477018   0.52686157   0.52016204   0.00000000   0.40854993  -0.23128917   0.30089069   0.56633737   0.64060892  -0.15021035  -0.15252796   0.60863789  -0.01618723   0.33108326   0.45369537   0.19373190  -0.11110198   0.59007415   0.76207922   0.31552703   0.47771982   0.03745726   0.42962645   0.38562921   0.54517697  -0.04654477   0.30610009   0.56611017  -0.17955022   0.73569537   0.63625073   0.29456340  -0.13288180   0.37225572   0.06667382   0.12262062   0.11350937
